//Maya ASCII 2018 scene
//Name: cmc_overworld_foliage.ma
//Last modified: Wed, Oct 21, 2020 10:33:14 PM
//Codeset: 1252
requires maya "2018";
currentUnit -l foot -a degree -t film;
fileInfo "application" "maya";
fileInfo "product" "Maya 2018";
fileInfo "version" "2018";
fileInfo "cutIdentifier" "201706261615-f9658c4cfc";
fileInfo "osv" "Microsoft Windows 8 Home Premium Edition, 64-bit  (Build 9200)\n";
fileInfo "license" "student";
createNode transform -s -n "persp";
	rename -uid "1DA4B8DA-4305-02F6-CEE0-EA9A9D253528";
	setAttr ".v" no;
	setAttr ".t" -type "double3" -11.876833951766903 17.154824931452847 -6.5204309814780244 ;
	setAttr ".r" -type "double3" -50.738352285585258 -111.79999999990486 359.99999999999949 ;
	setAttr ".rp" -type "double3" 1.7483827159451285e-15 1.6318238682154531e-15 -5.9678130037593716e-14 ;
	setAttr ".rpt" -type "double3" 1.3402887003519171e-14 -5.929047534390067e-14 6.3299984802179019e-14 ;
createNode camera -s -n "perspShape" -p "persp";
	rename -uid "40D329E4-4F28-8B4D-F324-4C85D636E865";
	setAttr -k off ".v" no;
	setAttr ".fl" 34.999999999999979;
	setAttr ".ncp" 0.0032808398950131233;
	setAttr ".fcp" 328.08398950131232;
	setAttr ".fd" 0.16404199475065617;
	setAttr ".coi" 23.695603779683793;
	setAttr ".ow" 0.32808398950131235;
	setAttr ".imn" -type "string" "persp";
	setAttr ".den" -type "string" "persp_depth";
	setAttr ".man" -type "string" "persp_mask";
	setAttr ".tp" -type "double3" -1.8207657603852567e-14 40.008534991358019 0 ;
	setAttr ".hc" -type "string" "viewSet -p %camera";
createNode transform -s -n "top";
	rename -uid "19452B40-4BDA-E6F2-2A38-E5A1D9C5E11F";
	setAttr ".v" no;
	setAttr ".t" -type "double3" 0 32.811679790026247 0 ;
	setAttr ".r" -type "double3" -89.999999999999986 0 0 ;
createNode camera -s -n "topShape" -p "top";
	rename -uid "3E427392-46B6-0C4B-974F-25B852A96167";
	setAttr -k off ".v" no;
	setAttr ".rnd" no;
	setAttr ".ncp" 0.0032808398950131233;
	setAttr ".fcp" 328.08398950131232;
	setAttr ".fd" 0.16404199475065617;
	setAttr ".coi" 32.811679790026247;
	setAttr ".ow" 0.98425196850393704;
	setAttr ".imn" -type "string" "top";
	setAttr ".den" -type "string" "top_depth";
	setAttr ".man" -type "string" "top_mask";
	setAttr ".hc" -type "string" "viewSet -t %camera";
	setAttr ".o" yes;
createNode transform -s -n "front";
	rename -uid "733B46BA-4855-2C37-4A09-95BA0866A836";
	setAttr ".v" no;
	setAttr ".t" -type "double3" 0 0 32.811679790026247 ;
createNode camera -s -n "frontShape" -p "front";
	rename -uid "F0F6A945-4039-5416-BA33-72AE21E2E357";
	setAttr -k off ".v" no;
	setAttr ".rnd" no;
	setAttr ".ncp" 0.0032808398950131233;
	setAttr ".fcp" 328.08398950131232;
	setAttr ".fd" 0.16404199475065617;
	setAttr ".coi" 32.811679790026247;
	setAttr ".ow" 0.98425196850393704;
	setAttr ".imn" -type "string" "front";
	setAttr ".den" -type "string" "front_depth";
	setAttr ".man" -type "string" "front_mask";
	setAttr ".hc" -type "string" "viewSet -f %camera";
	setAttr ".o" yes;
createNode transform -s -n "side";
	rename -uid "80416954-40EA-7FA2-A390-90ABCD0BA190";
	setAttr ".v" no;
	setAttr ".t" -type "double3" 32.811679790026247 0 0 ;
	setAttr ".r" -type "double3" 0 89.999999999999986 0 ;
createNode camera -s -n "sideShape" -p "side";
	rename -uid "F8511712-473F-11FB-C491-B7857AD24DEB";
	setAttr -k off ".v" no;
	setAttr ".rnd" no;
	setAttr ".ncp" 0.0032808398950131233;
	setAttr ".fcp" 328.08398950131232;
	setAttr ".fd" 0.16404199475065617;
	setAttr ".coi" 32.811679790026247;
	setAttr ".ow" 0.98425196850393704;
	setAttr ".imn" -type "string" "side";
	setAttr ".den" -type "string" "side_depth";
	setAttr ".man" -type "string" "side_mask";
	setAttr ".hc" -type "string" "viewSet -s %camera";
	setAttr ".o" yes;
createNode transform -n "large_fern";
	rename -uid "0EC2487A-44A3-6948-532B-31901D07F7D0";
	setAttr ".t" -type "double3" 2.0000001076325344 0 0 ;
	setAttr ".rp" -type "double3" 2.9999998923674656 0.49506355849463796 -0.14229834549070344 ;
	setAttr ".sp" -type "double3" 2.9999998923674656 0.49506355849463796 -0.14229834549070344 ;
createNode transform -n "large_fern_LOD_0" -p "large_fern";
	rename -uid "AF9D906B-4027-0FAF-4439-15993C2C8AFB";
	setAttr ".rp" -type "double3" -2.0000001076325344 0.61970802522939972 -4 ;
	setAttr ".sp" -type "double3" -2.0000001076325344 0.61970802522939972 -4 ;
createNode mesh -n "large_fern_LOD_0Shape" -p "large_fern_LOD_0";
	rename -uid "F518767D-430C-3FD4-C24E-0084231F408E";
	setAttr -k off ".v";
	setAttr ".vir" yes;
	setAttr ".vif" yes;
	setAttr ".pv" -type "double2" 0.09154476597905159 0.2069096714258194 ;
	setAttr ".uvst[0].uvsn" -type "string" "map1";
	setAttr -s 234 ".uvst[0].uvsp[0:233]" -type "float2" 0.13459423 0.0069595873
		 0.17593592 0.20658918 0.091544896 0.20678824 0.091338426 0.012396097 0.12723619 0.40678442
		 0.091751516 0.40137494 0.0071536079 0.20676821 0.048071362 0.0070512295 0.056278497
		 0.40685976 0.13459423 0.0069595873 0.091338426 0.012396097 0.091544896 0.20678824
		 0.17593592 0.20658918 0.091751516 0.40137494 0.12723619 0.40678442 0.048071362 0.0070512295
		 0.0071536079 0.20676821 0.056278497 0.40685976 0.13459423 0.0069595873 0.17593592
		 0.20658918 0.091544896 0.20678824 0.091338426 0.012396097 0.12723619 0.40678442 0.091751516
		 0.40137494 0.0071536079 0.20676821 0.048071362 0.0070512295 0.056278497 0.40685976
		 0.13459423 0.0069595873 0.17593592 0.20658918 0.091544896 0.20678824 0.091338426
		 0.012396097 0.12723619 0.40678442 0.091751516 0.40137494 0.0071536079 0.20676821
		 0.048071362 0.0070512295 0.056278497 0.40685976 0.13459423 0.0069595873 0.17593592
		 0.20658918 0.091544896 0.20678824 0.091338426 0.012396097 0.12723619 0.40678442 0.091751516
		 0.40137494 0.0071536079 0.20676821 0.048071362 0.0070512295 0.056278497 0.40685976
		 0.13459423 0.0069595873 0.17593592 0.20658918 0.091544896 0.20678824 0.091338426
		 0.012396097 0.12723619 0.40678442 0.091751516 0.40137494 0.0071536079 0.20676821
		 0.048071362 0.0070512295 0.056278497 0.40685976 0.13459423 0.0069595873 0.17593592
		 0.20658918 0.091544896 0.20678824 0.091338426 0.012396097 0.12723619 0.40678442 0.091751516
		 0.40137494 0.0071536079 0.20676821 0.048071362 0.0070512295 0.056278497 0.40685976
		 0.13459423 0.0069595873 0.17593592 0.20658918 0.091544896 0.20678824 0.091338426
		 0.012396097 0.12723619 0.40678442 0.091751516 0.40137494 0.0071536079 0.20676821
		 0.048071362 0.0070512295 0.056278497 0.40685976 0.13459423 0.0069595873 0.17593592
		 0.20658918 0.091544896 0.20678824 0.091338426 0.012396097 0.12723619 0.40678442 0.091751516
		 0.40137494 0.0071536079 0.20676821 0.048071362 0.0070512295 0.056278497 0.40685976
		 0.13459423 0.0069595873 0.17593592 0.20658918 0.091544896 0.20678824 0.091338426
		 0.012396097 0.12723619 0.40678442 0.091751516 0.40137494 0.0071536079 0.20676821
		 0.048071362 0.0070512295 0.056278497 0.40685976 0.13459423 0.0069595873 0.17593592
		 0.20658918 0.091544896 0.20678824 0.091338426 0.012396097 0.12723619 0.40678442 0.091751516
		 0.40137494 0.0071536079 0.20676821 0.048071362 0.0070512295 0.056278497 0.40685976
		 0.13459423 0.0069595873 0.17593592 0.20658918 0.091544896 0.20678824 0.091338426
		 0.012396097 0.12723619 0.40678442 0.091751516 0.40137494 0.0071536079 0.20676821
		 0.048071362 0.0070512295 0.056278497 0.40685976 0.13459423 0.0069595873 0.17593592
		 0.20658918 0.091544896 0.20678824 0.091338426 0.012396097 0.12723619 0.40678442 0.091751516
		 0.40137494 0.0071536079 0.20676821 0.048071362 0.0070512295 0.056278497 0.40685976
		 0.13459423 0.0069595873 0.091338426 0.012396097 0.091544896 0.20678824 0.17593592
		 0.20658918 0.091751516 0.40137494 0.12723619 0.40678442 0.048071362 0.0070512295
		 0.0071536079 0.20676821 0.056278497 0.40685976 0.13459423 0.0069595873 0.17593592
		 0.20658918 0.091544896 0.20678824 0.091338426 0.012396097 0.12723619 0.40678442 0.091751516
		 0.40137494 0.0071536079 0.20676821 0.048071362 0.0070512295 0.056278497 0.40685976
		 0.13459423 0.0069595873 0.091338426 0.012396097 0.091544896 0.20678824 0.17593592
		 0.20658918 0.091751516 0.40137494 0.12723619 0.40678442 0.048071362 0.0070512295
		 0.0071536079 0.20676821 0.056278497 0.40685976 0.13459423 0.0069595873 0.091338426
		 0.012396097 0.091544896 0.20678824 0.17593592 0.20658918 0.091751516 0.40137494 0.12723619
		 0.40678442 0.048071362 0.0070512295 0.0071536079 0.20676821 0.056278497 0.40685976
		 0.13459423 0.0069595873 0.091338426 0.012396097 0.091544896 0.20678824 0.17593592
		 0.20658918 0.091751516 0.40137494 0.12723619 0.40678442 0.048071362 0.0070512295
		 0.0071536079 0.20676821 0.056278497 0.40685976 0.13459423 0.0069595873 0.091338426
		 0.012396097 0.091544896 0.20678824 0.17593592 0.20658918 0.091751516 0.40137494 0.12723619
		 0.40678442 0.048071362 0.0070512295 0.0071536079 0.20676821 0.056278497 0.40685976
		 0.13459423 0.0069595873 0.091338426 0.012396097 0.091544896 0.20678824 0.17593592
		 0.20658918 0.091751516 0.40137494 0.12723619 0.40678442 0.048071362 0.0070512295
		 0.0071536079 0.20676821 0.056278497 0.40685976 0.13459423 0.0069595873 0.091338426
		 0.012396097 0.091544896 0.20678824 0.17593592 0.20658918 0.091751516 0.40137494 0.12723619
		 0.40678442 0.048071362 0.0070512295 0.0071536079 0.20676821 0.056278497 0.40685976
		 0.13459423 0.0069595873 0.091338426 0.012396097 0.091544896 0.20678824 0.17593592
		 0.20658918 0.091751516 0.40137494 0.12723619 0.40678442 0.048071362 0.0070512295
		 0.0071536079 0.20676821 0.056278497 0.40685976 0.13459423 0.0069595873 0.091338426
		 0.012396097 0.091544896 0.20678824 0.17593592 0.20658918 0.091751516 0.40137494 0.12723619
		 0.40678442 0.048071362 0.0070512295 0.0071536079 0.20676821 0.056278497 0.40685976
		 0.13459423 0.0069595873 0.091338426 0.012396097 0.091544896 0.20678824 0.17593592
		 0.20658918 0.091751516 0.40137494 0.12723619 0.40678442 0.048071362 0.0070512295
		 0.0071536079 0.20676821 0.056278497 0.40685976 0.13459423 0.0069595873 0.091338426
		 0.012396097 0.091544896 0.20678824 0.17593592 0.20658918 0.091751516 0.40137494 0.12723619
		 0.40678442 0.048071362 0.0070512295 0.0071536079 0.20676821 0.056278497 0.40685976
		 0.13459423 0.0069595873 0.091338426 0.012396097 0.091544896 0.20678824 0.17593592
		 0.20658918 0.091751516 0.40137494 0.12723619 0.40678442 0.048071362 0.0070512295
		 0.0071536079 0.20676821 0.056278497 0.40685976;
	setAttr ".cuvs" -type "string" "map1";
	setAttr ".dcol" yes;
	setAttr ".dcc" -type "string" "Ambient+Diffuse";
	setAttr ".covm[0]"  0 1 1;
	setAttr ".cdvm[0]"  0 1 1;
	setAttr -s 234 ".pt";
	setAttr ".pt[0:165]" -type "float3"  -5 0.12464447 -3.8577018 -5 0.12464447 
		-3.8577018 -5 0.12464447 -3.8577018 -5 0.12464447 -3.8577018 -5 0.12464447 -3.8577018 
		-5 0.12464447 -3.8577018 -5 0.12464447 -3.8577018 -5 0.12464447 -3.8577018 -5 0.12464447 
		-3.8577018 -5 0.12464447 -3.8577018 -5 0.12464447 -3.8577018 -5 0.12464447 -3.8577018 
		-5 0.12464447 -3.8577018 -5 0.12464447 -3.8577018 -5 0.12464447 -3.8577018 -5 0.12464447 
		-3.8577018 -5 0.12464447 -3.8577018 -5 0.12464447 -3.8577018 -5 0.12464447 -3.8577018 
		-5 0.12464447 -3.8577018 -5 0.12464447 -3.8577018 -5 0.12464447 -3.8577018 -5 0.12464447 
		-3.8577018 -5 0.12464447 -3.8577018 -5 0.12464447 -3.8577018 -5 0.12464447 -3.8577018 
		-5 0.12464447 -3.8577018 -5 0.12464447 -3.8577018 -5 0.12464447 -3.8577018 -5 0.12464447 
		-3.8577018 -5 0.12464447 -3.8577018 -5 0.12464447 -3.8577018 -5 0.12464447 -3.8577018 
		-5 0.12464447 -3.8577018 -5 0.12464447 -3.8577018 -5 0.12464447 -3.8577018 -5 0.12464447 
		-3.8577018 -5 0.12464447 -3.8577018 -5 0.12464447 -3.8577018 -5 0.12464447 -3.8577018 
		-5 0.12464447 -3.8577018 -5 0.12464447 -3.8577018 -5 0.12464447 -3.8577018 -5 0.12464447 
		-3.8577018 -5 0.12464447 -3.8577018 -5 0.12464447 -3.8577018 -5 0.12464447 -3.8577018 
		-5 0.12464447 -3.8577018 -5 0.12464447 -3.8577018 -5 0.12464447 -3.8577018 -5 0.12464447 
		-3.8577018 -5 0.12464447 -3.8577018 -5 0.12464447 -3.8577018 -5 0.12464447 -3.8577018 
		-5 0.12464447 -3.8577018 -5 0.12464447 -3.8577018 -5 0.12464447 -3.8577018 -5 0.12464447 
		-3.8577018 -5 0.12464447 -3.8577018 -5 0.12464447 -3.8577018 -5 0.12464447 -3.8577018 
		-5 0.12464447 -3.8577018 -5 0.12464447 -3.8577018 -5 0.12464447 -3.8577018 -5 0.12464447 
		-3.8577018 -5 0.12464447 -3.8577018 -5 0.12464447 -3.8577018 -5 0.12464447 -3.8577018 
		-5 0.12464447 -3.8577018 -5 0.12464447 -3.8577018 -5 0.12464447 -3.8577018 -5 0.12464447 
		-3.8577018 -5 0.12464447 -3.8577018 -5 0.12464447 -3.8577018 -5 0.12464447 -3.8577018 
		-5 0.12464447 -3.8577018 -5 0.12464447 -3.8577018 -5 0.12464447 -3.8577018 -5 0.12464447 
		-3.8577018 -5 0.12464447 -3.8577018 -5 0.12464447 -3.8577018 -5 0.12464447 -3.8577018 
		-5 0.12464447 -3.8577018 -5 0.12464447 -3.8577018 -5 0.12464447 -3.8577018 -5 0.12464447 
		-3.8577018 -5 0.12464447 -3.8577018 -5 0.12464447 -3.8577018 -5 0.12464447 -3.8577018 
		-5 0.12464447 -3.8577018 -5 0.12464447 -3.8577018 -5 0.12464447 -3.8577018 -5 0.12464447 
		-3.8577018 -5 0.12464447 -3.8577018 -5 0.12464447 -3.8577018 -5 0.12464447 -3.8577018 
		-5 0.12464447 -3.8577018 -5 0.12464447 -3.8577018 -5 0.12464447 -3.8577018 -5 0.12464447 
		-3.8577018 -5 0.12464447 -3.8577018 -5 0.12464447 -3.8577018 -5 0.12464447 -3.8577018 
		-5 0.12464447 -3.8577018 -5 0.12464447 -3.8577018 -5 0.12464447 -3.8577018 -5 0.12464447 
		-3.8577018 -5 0.12464447 -3.8577018 -5 0.12464447 -3.8577018 -5 0.12464447 -3.8577018 
		-5 0.12464447 -3.8577018 -5 0.12464447 -3.8577018 -5 0.12464447 -3.8577018 -5 0.12464447 
		-3.8577018 -5 0.12464447 -3.8577018 -5 0.12464447 -3.8577018 -5 0.12464447 -3.8577018 
		-5 0.12464447 -3.8577018 -5 0.12464447 -3.8577018 -5 0.12464447 -3.8577018 -5 0.12464447 
		-3.8577018 -5 0.12464447 -3.8577018 -5 0.12464447 -3.8577018 -5 0.12464447 -3.8577018 
		-5 0.12464447 -3.8577018 -5 0.12464447 -3.8577018 -5 0.12464447 -3.8577018 -5 0.12464447 
		-3.8577018 -5 0.12464447 -3.8577018 -5 0.12464447 -3.8577018 -5 0.12464447 -3.8577018 
		-5 0.12464447 -3.8577018 -5 0.12464447 -3.8577018 -5 0.12464447 -3.8577018 -5 0.12464447 
		-3.8577018 -5 0.12464447 -3.8577018 -5 0.12464447 -3.8577018 -5 0.12464447 -3.8577018 
		-5 0.12464447 -3.8577018 -5 0.12464447 -3.8577018 -5 0.12464447 -3.8577018 -5 0.12464447 
		-3.8577018 -5 0.12464447 -3.8577018 -5 0.12464447 -3.8577018 -5 0.12464447 -3.8577018 
		-5 0.12464447 -3.8577018 -5 0.12464447 -3.8577018 -5 0.12464447 -3.8577018 -5 0.12464447 
		-3.8577018 -5 0.12464447 -3.8577018 -5 0.12464447 -3.8577018 -5 0.12464447 -3.8577018 
		-5 0.12464447 -3.8577018 -5 0.12464447 -3.8577018 -5 0.12464447 -3.8577018 -5 0.12464447 
		-3.8577018 -5 0.12464447 -3.8577018 -5 0.12464447 -3.8577018 -5 0.12464447 -3.8577018 
		-5 0.12464447 -3.8577018 -5 0.12464447 -3.8577018 -5 0.12464447 -3.8577018 -5 0.12464447 
		-3.8577018 -5 0.12464447 -3.8577018 -5 0.12464447 -3.8577018 -5 0.12464447 -3.8577018;
	setAttr ".pt[166:233]" -5 0.12464447 -3.8577018 -5 0.12464447 -3.8577018 -5 
		0.12464447 -3.8577018 -5 0.12464447 -3.8577018 -5 0.12464447 -3.8577018 -5 0.12464447 
		-3.8577018 -5 0.12464447 -3.8577018 -5 0.12464447 -3.8577018 -5 0.12464447 -3.8577018 
		-5 0.12464447 -3.8577018 -5 0.12464447 -3.8577018 -5 0.12464447 -3.8577018 -5 0.12464447 
		-3.8577018 -5 0.12464447 -3.8577018 -5 0.12464447 -3.8577018 -5 0.12464447 -3.8577018 
		-5 0.12464447 -3.8577018 -5 0.12464447 -3.8577018 -5 0.12464447 -3.8577018 -5 0.12464447 
		-3.8577018 -5 0.12464447 -3.8577018 -5 0.12464447 -3.8577018 -5 0.12464447 -3.8577018 
		-5 0.12464447 -3.8577018 -5 0.12464447 -3.8577018 -5 0.12464447 -3.8577018 -5 0.12464447 
		-3.8577018 -5 0.12464447 -3.8577018 -5 0.12464447 -3.8577018 -5 0.12464447 -3.8577018 
		-5 0.12464447 -3.8577018 -5 0.12464447 -3.8577018 -5 0.12464447 -3.8577018 -5 0.12464447 
		-3.8577018 -5 0.12464447 -3.8577018 -5 0.12464447 -3.8577018 -5 0.12464447 -3.8577018 
		-5 0.12464447 -3.8577018 -5 0.12464447 -3.8577018 -5 0.12464447 -3.8577018 -5 0.12464447 
		-3.8577018 -5 0.12464447 -3.8577018 -5 0.12464447 -3.8577018 -5 0.12464447 -3.8577018 
		-5 0.12464447 -3.8577018 -5 0.12464447 -3.8577018 -5 0.12464447 -3.8577018 -5 0.12464447 
		-3.8577018 -5 0.12464447 -3.8577018 -5 0.12464447 -3.8577018 -5 0.12464447 -3.8577018 
		-5 0.12464447 -3.8577018 -5 0.12464447 -3.8577018 -5 0.12464447 -3.8577018 -5 0.12464447 
		-3.8577018 -5 0.12464447 -3.8577018 -5 0.12464447 -3.8577018 -5 0.12464447 -3.8577018 
		-5 0.12464447 -3.8577018 -5 0.12464447 -3.8577018 -5 0.12464447 -3.8577018 -5 0.12464447 
		-3.8577018 -5 0.12464447 -3.8577018 -5 0.12464447 -3.8577018 -5 0.12464447 -3.8577018 
		-5 0.12464447 -3.8577018 -5 0.12464447 -3.8577018 -5 0.12464447 -3.8577018;
	setAttr -s 234 ".vt";
	setAttr ".vt[0:165]"  2.94155836 -0.072634466 -0.18669507 2.11122918 0.27847901 -0.27085394
		 1.22576702 0.18619274 0.091335312 2.97840858 6.0081331e-17 -5.2925831e-17 2.17512417 0.34243008 0.12061263
		 1.26342845 0.21829718 0.23575866 2.99040508 -0.088317916 0.18315232 2.21416521 0.2454288 0.50853646
		 1.26413178 0.17387478 0.38181809 2.82035542 -0.052870762 0.0037965211 2.6706996 0.18026036 0.69110119
		 2.85961771 0.027594894 1.43926859 2.97840858 8.9416987e-17 -3.7342101e-16 2.9972949 0.21827093 0.68739247
		 2.98203015 0.049510214 1.42715323 3.12476802 -0.079710454 0.00395511 3.31219697 0.12370031 0.69143534
		 3.098707199 0.0065146703 1.43939328 3.12500167 -0.066421673 0.10630827 3.74882746 0.16189355 -0.43575758
		 4.077287197 -0.047725573 -1.25824809 2.97840858 1.1248578e-16 3.1438689e-16 3.44465876 0.21661951 -0.65763599
		 3.95636725 -0.017789217 -1.33160806 2.8403976 -0.087545857 -0.10242837 3.14907265 0.11737795 -0.87563449
		 3.85375547 -0.064316764 -1.42219245 3.13259935 -0.055556778 -0.0019180747 3.38022065 0.40664166 -0.50778788
		 3.30795574 0.56180161 -1.26200902 2.97840858 -5.5960118e-17 3.4955419e-16 3.062242746 0.45846599 -0.5347473
		 3.18717527 0.58412206 -1.25957942 2.83677554 -0.062298063 -0.054075077 2.75682259 0.39243555 -0.61769986
		 3.07561183 0.55650693 -1.30297363 3.086020231 -0.073765941 0.18402559 3.95215416 0.39904061 0.005740819
		 4.77423286 0.38233954 -0.6702047 2.97840858 2.4936063e-17 1.7722327e-16 3.74953079 0.45764929 -0.3860409
		 4.6837883 0.41191411 -0.80996186 2.91441512 -0.10114215 -0.19121253 3.59052563 0.3413499 -0.7850095
		 4.63945246 0.36083794 -0.96492136 3.097860098 -0.005776918 -0.10376761 2.7617557 0.3191368 -0.62992251
		 2.19796443 0.21174447 -1.10823345 2.97840858 4.3963756e-17 2.9080714e-16 2.52237368 0.26697913 -0.43623817
		 2.11359978 0.19798447 -1.025912642 2.881248 -0.11041529 0.058635239 2.30528283 0.098629273 -0.28768617
		 2.027834892 0.12956017 -0.98068035 3.080944777 -0.066435479 -0.17680244 2.49868083 0.35712907 -0.80465358
		 1.54899096 0.29877955 -1.15539491 2.97840858 3.9916107e-17 2.3543556e-16 2.27173972 0.40425548 -0.44972771
		 1.47640574 0.32426688 -1.013874531 2.85625148 -0.10131056 0.14491476 2.025178194 0.28363582 -0.12668949
		 1.37251413 0.27138826 -0.90271425 2.79819798 -0.0675679 -0.04237001 2.35561609 0.56483763 0.3718572
		 2.18355417 0.87706506 1.23069108 2.97840858 -1.1093698e-16 -3.2174539e-16 2.71417379 0.63467205 0.50474268
		 2.32423449 0.90460032 1.26630163 3.12031984 -0.063474149 0.12111419 3.034432173 0.57346451 0.71637231
		 2.43655252 0.88028038 1.35909367 2.89623451 -0.064092852 -0.12995835 2.32433605 0.40573588 -0.10713642
		 1.70452511 0.5866397 0.34113774 2.97840858 -6.2267774e-17 -1.2364679e-16 2.4670794 0.4750509 0.18058577
		 1.76977372 0.61530977 0.44365412 3.00563097 -0.054660745 0.15498638 2.55487108 0.42561242 0.49333596
		 1.79044664 0.59404778 0.56493688 2.82035542 -0.052870762 0.0037965211 2.6706996 0.18026036 0.69110119
		 2.85961771 0.027594894 1.43926859 2.97840858 8.9416987e-17 -3.7342101e-16 2.9972949 0.21827093 0.68739247
		 2.98203015 0.049510214 1.42715323 3.12476802 -0.079710454 0.00395511 3.31219697 0.12370031 0.69143534
		 3.098707199 0.0065146703 1.43939328 2.99773407 -0.052763268 0.16371256 3.28002572 0.60935396 0.43555978
		 3.94544125 1.08009553 0.38396144 2.97840858 -1.9115522e-16 -7.0637955e-17 3.29670238 0.67066634 0.10011432
		 3.93841815 1.10054243 0.25604412 3.062759399 -0.037322231 -0.14646238 3.41705537 0.64189327 -0.21808097
		 3.99651313 1.092223167 0.14034617 3.14133382 -0.11025789 -0.036571838 3.22648048 0.11726017 -0.89222836
		 2.79463625 0.0026070052 -1.72398996 2.97840858 9.382715e-17 3.9179533e-16 2.86713743 0.26250315 -0.81769711
		 2.66472936 0.065883435 -1.68382704 2.78657484 -0.047069639 0.031988405 2.47888613 0.2504186 -0.74774933
		 2.51600409 0.052235838 -1.67014194 2.87057161 -0.041843627 0.1623566 3.17716002 0.62393785 0.66033262
		 3.9646349 0.90752149 1.089580655 2.97840858 -1.1191672e-16 -2.493093e-16 3.43131042 0.63958919 0.36070865
		 4.048694134 0.91478628 0.96626914 3.13483596 -0.089150645 -0.085568324 3.73405147 0.52424639 0.13787305
		 4.17219114 0.87036598 0.89485729 2.94155836 -0.072634466 -0.18669507 2.11122918 0.27847901 -0.27085394
		 1.22576702 0.18619274 0.091335312 2.97840858 6.0081331e-17 -5.2925831e-17 2.17512417 0.34243008 0.12061263
		 1.26342845 0.21829718 0.23575866 2.99040508 -0.088317916 0.18315232 2.21416521 0.2454288 0.50853646
		 1.26413178 0.17387478 0.38181809 2.82035542 -0.052870762 0.0037965211 2.6706996 0.18026036 0.69110119
		 2.85961771 0.027594894 1.43926859 2.97840858 8.9416987e-17 -3.7342101e-16 2.9972949 0.21827093 0.68739247
		 2.98203015 0.049510214 1.42715323 3.12476802 -0.079710454 0.00395511 3.31219697 0.12370031 0.69143534
		 3.098707199 0.0065146703 1.43939328 3.12500167 -0.066421673 0.10630827 3.74882746 0.16189355 -0.43575758
		 4.077287197 -0.047725573 -1.25824809 2.97840858 1.1248578e-16 3.1438689e-16 3.44465876 0.21661951 -0.65763599
		 3.95636725 -0.017789217 -1.33160806 2.8403976 -0.087545857 -0.10242837 3.14907265 0.11737795 -0.87563449
		 3.85375547 -0.064316764 -1.42219245 3.13259935 -0.055556778 -0.0019180747 3.38022065 0.40664166 -0.50778788
		 3.30795574 0.56180161 -1.26200902 2.97840858 -5.5960118e-17 3.4955419e-16 3.062242746 0.45846599 -0.5347473
		 3.18717527 0.58412206 -1.25957942 2.83677554 -0.062298063 -0.054075077 2.75682259 0.39243555 -0.61769986
		 3.07561183 0.55650693 -1.30297363 3.086020231 -0.073765941 0.18402559 3.95215416 0.39904061 0.005740819
		 4.77423286 0.38233954 -0.6702047 2.97840858 2.4936063e-17 1.7722327e-16 3.74953079 0.45764929 -0.3860409
		 4.6837883 0.41191411 -0.80996186 2.91441512 -0.10114215 -0.19121253 3.59052563 0.3413499 -0.7850095
		 4.63945246 0.36083794 -0.96492136 3.097860098 -0.005776918 -0.10376761 2.7617557 0.3191368 -0.62992251
		 2.19796443 0.21174447 -1.10823345 2.97840858 4.3963756e-17 2.9080714e-16;
	setAttr ".vt[166:233]" 2.52237368 0.26697913 -0.43623817 2.11359978 0.19798447 -1.025912642
		 2.881248 -0.11041529 0.058635239 2.30528283 0.098629273 -0.28768617 2.027834892 0.12956017 -0.98068035
		 3.080944777 -0.066435479 -0.17680244 2.49868083 0.35712907 -0.80465358 1.54899096 0.29877955 -1.15539491
		 2.97840858 3.9916107e-17 2.3543556e-16 2.27173972 0.40425548 -0.44972771 1.47640574 0.32426688 -1.013874531
		 2.85625148 -0.10131056 0.14491476 2.025178194 0.28363582 -0.12668949 1.37251413 0.27138826 -0.90271425
		 2.79819798 -0.0675679 -0.04237001 2.35561609 0.56483763 0.3718572 2.18355417 0.87706506 1.23069108
		 2.97840858 -1.1093698e-16 -3.2174539e-16 2.71417379 0.63467205 0.50474268 2.32423449 0.90460032 1.26630163
		 3.12031984 -0.063474149 0.12111419 3.034432173 0.57346451 0.71637231 2.43655252 0.88028038 1.35909367
		 2.89623451 -0.064092852 -0.12995835 2.32433605 0.40573588 -0.10713642 1.70452511 0.5866397 0.34113774
		 2.97840858 -6.2267774e-17 -1.2364679e-16 2.4670794 0.4750509 0.18058577 1.76977372 0.61530977 0.44365412
		 3.00563097 -0.054660745 0.15498638 2.55487108 0.42561242 0.49333596 1.79044664 0.59404778 0.56493688
		 2.82035542 -0.052870762 0.0037965211 2.6706996 0.18026036 0.69110119 2.85961771 0.027594894 1.43926859
		 2.97840858 8.9416987e-17 -3.7342101e-16 2.9972949 0.21827093 0.68739247 2.98203015 0.049510214 1.42715323
		 3.12476802 -0.079710454 0.00395511 3.31219697 0.12370031 0.69143534 3.098707199 0.0065146703 1.43939328
		 2.99773407 -0.052763268 0.16371256 3.28002572 0.60935396 0.43555978 3.94544125 1.08009553 0.38396144
		 2.97840858 -1.9115522e-16 -7.0637955e-17 3.29670238 0.67066634 0.10011432 3.93841815 1.10054243 0.25604412
		 3.062759399 -0.037322231 -0.14646238 3.41705537 0.64189327 -0.21808097 3.99651313 1.092223167 0.14034617
		 3.14133382 -0.11025789 -0.036571838 3.22648048 0.11726017 -0.89222836 2.79463625 0.0026070052 -1.72398996
		 2.97840858 9.382715e-17 3.9179533e-16 2.86713743 0.26250315 -0.81769711 2.66472936 0.065883435 -1.68382704
		 2.78657484 -0.047069639 0.031988405 2.47888613 0.2504186 -0.74774933 2.51600409 0.052235838 -1.67014194
		 2.87057161 -0.041843627 0.1623566 3.17716002 0.62393785 0.66033262 3.9646349 0.90752149 1.089580655
		 2.97840858 -1.1191672e-16 -2.493093e-16 3.43131042 0.63958919 0.36070865 4.048694134 0.91478628 0.96626914
		 3.13483596 -0.089150645 -0.085568324 3.73405147 0.52424639 0.13787305 4.17219114 0.87036598 0.89485729;
	setAttr -s 312 ".ed";
	setAttr ".ed[0:165]"  0 1 0 0 3 0 1 2 0 1 4 1 2 5 0 3 4 1 3 6 0 4 5 1 4 7 1
		 5 8 0 6 7 0 7 8 0 9 10 0 9 12 0 10 11 0 10 13 1 11 14 0 12 13 1 12 15 0 13 14 1 13 16 1
		 14 17 0 15 16 0 16 17 0 18 19 0 18 21 0 19 20 0 19 22 1 20 23 0 21 22 1 21 24 0 22 23 1
		 22 25 1 23 26 0 24 25 0 25 26 0 27 28 0 27 30 0 28 29 0 28 31 1 29 32 0 30 31 1 30 33 0
		 31 32 1 31 34 1 32 35 0 33 34 0 34 35 0 36 37 0 36 39 0 37 38 0 37 40 1 38 41 0 39 40 1
		 39 42 0 40 41 1 40 43 1 41 44 0 42 43 0 43 44 0 45 46 0 45 48 0 46 47 0 46 49 1 47 50 0
		 48 49 1 48 51 0 49 50 1 49 52 1 50 53 0 51 52 0 52 53 0 54 55 0 54 57 0 55 56 0 55 58 1
		 56 59 0 57 58 1 57 60 0 58 59 1 58 61 1 59 62 0 60 61 0 61 62 0 63 64 0 63 66 0 64 65 0
		 64 67 1 65 68 0 66 67 1 66 69 0 67 68 1 67 70 1 68 71 0 69 70 0 70 71 0 72 73 0 72 75 0
		 73 74 0 73 76 1 74 77 0 75 76 1 75 78 0 76 77 1 76 79 1 77 80 0 78 79 0 79 80 0 81 82 0
		 81 84 0 82 83 0 82 85 1 83 86 0 84 85 1 84 87 0 85 86 1 85 88 1 86 89 0 87 88 0 88 89 0
		 90 91 0 90 93 0 91 92 0 91 94 1 92 95 0 93 94 1 93 96 0 94 95 1 94 97 1 95 98 0 96 97 0
		 97 98 0 99 100 0 99 102 0 100 101 0 100 103 1 101 104 0 102 103 1 102 105 0 103 104 1
		 103 106 1 104 107 0 105 106 0 106 107 0 108 109 0 108 111 0 109 110 0 109 112 1 110 113 0
		 111 112 1 111 114 0 112 113 1 112 115 1 113 116 0 114 115 0 115 116 0 117 118 0 117 120 0
		 118 119 0 118 121 1 119 122 0 120 121 1 120 123 0 121 122 1 121 124 1 122 125 0;
	setAttr ".ed[166:311]" 123 124 0 124 125 0 126 127 0 126 129 0 127 128 0 127 130 1
		 128 131 0 129 130 1 129 132 0 130 131 1 130 133 1 131 134 0 132 133 0 133 134 0 135 136 0
		 135 138 0 136 137 0 136 139 1 137 140 0 138 139 1 138 141 0 139 140 1 139 142 1 140 143 0
		 141 142 0 142 143 0 144 145 0 144 147 0 145 146 0 145 148 1 146 149 0 147 148 1 147 150 0
		 148 149 1 148 151 1 149 152 0 150 151 0 151 152 0 153 154 0 153 156 0 154 155 0 154 157 1
		 155 158 0 156 157 1 156 159 0 157 158 1 157 160 1 158 161 0 159 160 0 160 161 0 162 163 0
		 162 165 0 163 164 0 163 166 1 164 167 0 165 166 1 165 168 0 166 167 1 166 169 1 167 170 0
		 168 169 0 169 170 0 171 172 0 171 174 0 172 173 0 172 175 1 173 176 0 174 175 1 174 177 0
		 175 176 1 175 178 1 176 179 0 177 178 0 178 179 0 180 181 0 180 183 0 181 182 0 181 184 1
		 182 185 0 183 184 1 183 186 0 184 185 1 184 187 1 185 188 0 186 187 0 187 188 0 189 190 0
		 189 192 0 190 191 0 190 193 1 191 194 0 192 193 1 192 195 0 193 194 1 193 196 1 194 197 0
		 195 196 0 196 197 0 198 199 0 198 201 0 199 200 0 199 202 1 200 203 0 201 202 1 201 204 0
		 202 203 1 202 205 1 203 206 0 204 205 0 205 206 0 207 208 0 207 210 0 208 209 0 208 211 1
		 209 212 0 210 211 1 210 213 0 211 212 1 211 214 1 212 215 0 213 214 0 214 215 0 216 217 0
		 216 219 0 217 218 0 217 220 1 218 221 0 219 220 1 219 222 0 220 221 1 220 223 1 221 224 0
		 222 223 0 223 224 0 225 226 0 225 228 0 226 227 0 226 229 1 227 230 0 228 229 1 228 231 0
		 229 230 1 229 232 1 230 233 0 231 232 0 232 233 0;
	setAttr -s 104 -ch 416 ".fc[0:103]" -type "polyFaces" 
		f 4 0 3 -6 -2
		mu 0 4 0 1 2 3
		f 4 2 4 -8 -4
		mu 0 4 1 4 5 2
		f 4 5 8 -11 -7
		mu 0 4 3 2 6 7
		f 4 7 9 -12 -9
		mu 0 4 2 5 8 6
		f 4 13 17 -16 -13
		mu 0 4 9 10 11 12
		f 4 15 19 -17 -15
		mu 0 4 12 11 13 14
		f 4 18 22 -21 -18
		mu 0 4 10 15 16 11
		f 4 20 23 -22 -20
		mu 0 4 11 16 17 13
		f 4 24 27 -30 -26
		mu 0 4 18 19 20 21
		f 4 26 28 -32 -28
		mu 0 4 19 22 23 20
		f 4 29 32 -35 -31
		mu 0 4 21 20 24 25
		f 4 31 33 -36 -33
		mu 0 4 20 23 26 24
		f 4 36 39 -42 -38
		mu 0 4 27 28 29 30
		f 4 38 40 -44 -40
		mu 0 4 28 31 32 29
		f 4 41 44 -47 -43
		mu 0 4 30 29 33 34
		f 4 43 45 -48 -45
		mu 0 4 29 32 35 33
		f 4 48 51 -54 -50
		mu 0 4 36 37 38 39
		f 4 50 52 -56 -52
		mu 0 4 37 40 41 38
		f 4 53 56 -59 -55
		mu 0 4 39 38 42 43
		f 4 55 57 -60 -57
		mu 0 4 38 41 44 42
		f 4 60 63 -66 -62
		mu 0 4 45 46 47 48
		f 4 62 64 -68 -64
		mu 0 4 46 49 50 47
		f 4 65 68 -71 -67
		mu 0 4 48 47 51 52
		f 4 67 69 -72 -69
		mu 0 4 47 50 53 51
		f 4 72 75 -78 -74
		mu 0 4 54 55 56 57
		f 4 74 76 -80 -76
		mu 0 4 55 58 59 56
		f 4 77 80 -83 -79
		mu 0 4 57 56 60 61
		f 4 79 81 -84 -81
		mu 0 4 56 59 62 60
		f 4 84 87 -90 -86
		mu 0 4 63 64 65 66
		f 4 86 88 -92 -88
		mu 0 4 64 67 68 65
		f 4 89 92 -95 -91
		mu 0 4 66 65 69 70
		f 4 91 93 -96 -93
		mu 0 4 65 68 71 69
		f 4 96 99 -102 -98
		mu 0 4 72 73 74 75
		f 4 98 100 -104 -100
		mu 0 4 73 76 77 74
		f 4 101 104 -107 -103
		mu 0 4 75 74 78 79
		f 4 103 105 -108 -105
		mu 0 4 74 77 80 78
		f 4 108 111 -114 -110
		mu 0 4 81 82 83 84
		f 4 110 112 -116 -112
		mu 0 4 82 85 86 83
		f 4 113 116 -119 -115
		mu 0 4 84 83 87 88
		f 4 115 117 -120 -117
		mu 0 4 83 86 89 87
		f 4 120 123 -126 -122
		mu 0 4 90 91 92 93
		f 4 122 124 -128 -124
		mu 0 4 91 94 95 92
		f 4 125 128 -131 -127
		mu 0 4 93 92 96 97
		f 4 127 129 -132 -129
		mu 0 4 92 95 98 96
		f 4 132 135 -138 -134
		mu 0 4 99 100 101 102
		f 4 134 136 -140 -136
		mu 0 4 100 103 104 101
		f 4 137 140 -143 -139
		mu 0 4 102 101 105 106
		f 4 139 141 -144 -141
		mu 0 4 101 104 107 105
		f 4 144 147 -150 -146
		mu 0 4 108 109 110 111
		f 4 146 148 -152 -148
		mu 0 4 109 112 113 110
		f 4 149 152 -155 -151
		mu 0 4 111 110 114 115
		f 4 151 153 -156 -153
		mu 0 4 110 113 116 114
		f 4 157 161 -160 -157
		mu 0 4 117 118 119 120
		f 4 159 163 -161 -159
		mu 0 4 120 119 121 122
		f 4 162 166 -165 -162
		mu 0 4 118 123 124 119
		f 4 164 167 -166 -164
		mu 0 4 119 124 125 121
		f 4 168 171 -174 -170
		mu 0 4 126 127 128 129
		f 4 170 172 -176 -172
		mu 0 4 127 130 131 128
		f 4 173 176 -179 -175
		mu 0 4 129 128 132 133
		f 4 175 177 -180 -177
		mu 0 4 128 131 134 132
		f 4 181 185 -184 -181
		mu 0 4 135 136 137 138
		f 4 183 187 -185 -183
		mu 0 4 138 137 139 140
		f 4 186 190 -189 -186
		mu 0 4 136 141 142 137
		f 4 188 191 -190 -188
		mu 0 4 137 142 143 139
		f 4 193 197 -196 -193
		mu 0 4 144 145 146 147
		f 4 195 199 -197 -195
		mu 0 4 147 146 148 149
		f 4 198 202 -201 -198
		mu 0 4 145 150 151 146
		f 4 200 203 -202 -200
		mu 0 4 146 151 152 148
		f 4 205 209 -208 -205
		mu 0 4 153 154 155 156
		f 4 207 211 -209 -207
		mu 0 4 156 155 157 158
		f 4 210 214 -213 -210
		mu 0 4 154 159 160 155
		f 4 212 215 -214 -212
		mu 0 4 155 160 161 157
		f 4 217 221 -220 -217
		mu 0 4 162 163 164 165
		f 4 219 223 -221 -219
		mu 0 4 165 164 166 167
		f 4 222 226 -225 -222
		mu 0 4 163 168 169 164
		f 4 224 227 -226 -224
		mu 0 4 164 169 170 166
		f 4 229 233 -232 -229
		mu 0 4 171 172 173 174
		f 4 231 235 -233 -231
		mu 0 4 174 173 175 176
		f 4 234 238 -237 -234
		mu 0 4 172 177 178 173
		f 4 236 239 -238 -236
		mu 0 4 173 178 179 175
		f 4 241 245 -244 -241
		mu 0 4 180 181 182 183
		f 4 243 247 -245 -243
		mu 0 4 183 182 184 185
		f 4 246 250 -249 -246
		mu 0 4 181 186 187 182
		f 4 248 251 -250 -248
		mu 0 4 182 187 188 184
		f 4 253 257 -256 -253
		mu 0 4 189 190 191 192
		f 4 255 259 -257 -255
		mu 0 4 192 191 193 194
		f 4 258 262 -261 -258
		mu 0 4 190 195 196 191
		f 4 260 263 -262 -260
		mu 0 4 191 196 197 193
		f 4 265 269 -268 -265
		mu 0 4 198 199 200 201
		f 4 267 271 -269 -267
		mu 0 4 201 200 202 203
		f 4 270 274 -273 -270
		mu 0 4 199 204 205 200
		f 4 272 275 -274 -272
		mu 0 4 200 205 206 202
		f 4 277 281 -280 -277
		mu 0 4 207 208 209 210
		f 4 279 283 -281 -279
		mu 0 4 210 209 211 212
		f 4 282 286 -285 -282
		mu 0 4 208 213 214 209
		f 4 284 287 -286 -284
		mu 0 4 209 214 215 211
		f 4 289 293 -292 -289
		mu 0 4 216 217 218 219
		f 4 291 295 -293 -291
		mu 0 4 219 218 220 221
		f 4 294 298 -297 -294
		mu 0 4 217 222 223 218
		f 4 296 299 -298 -296
		mu 0 4 218 223 224 220
		f 4 301 305 -304 -301
		mu 0 4 225 226 227 228
		f 4 303 307 -305 -303
		mu 0 4 228 227 229 230
		f 4 306 310 -309 -306
		mu 0 4 226 231 232 227
		f 4 308 311 -310 -308
		mu 0 4 227 232 233 229;
	setAttr ".cd" -type "dataPolyComponent" Index_Data Edge 0 ;
	setAttr ".cvd" -type "dataPolyComponent" Index_Data Vertex 0 ;
	setAttr ".pd[0]" -type "dataPolyComponent" Index_Data UV 0 ;
	setAttr ".hfd" -type "dataPolyComponent" Index_Data Face 0 ;
createNode transform -n "large_fern_LOD_1" -p "large_fern";
	rename -uid "C1B1CDEB-4D8E-B57E-DEE2-ACAA1BC893E0";
	setAttr ".v" no;
	setAttr ".rp" -type "double3" -2.0000001076325344 0.61970802522939972 -4 ;
	setAttr ".sp" -type "double3" -2.0000001076325344 0.61970802522939972 -4 ;
createNode mesh -n "large_fern_LOD_1Shape" -p "large_fern_LOD_1";
	rename -uid "65D7C083-4844-AC1C-B859-4FB42FDEC3D1";
	setAttr -k off ".v";
	setAttr ".vir" yes;
	setAttr ".vif" yes;
	setAttr ".pv" -type "double2" 0.091544970870018005 0.20688551664352417 ;
	setAttr ".uvst[0].uvsn" -type "string" "map1";
	setAttr -s 156 ".uvst[0].uvsp[0:155]" -type "float2" 0.13459423 0.0069595873
		 0.17593592 0.20658918 0.12723619 0.40678442 0.0071536079 0.20676821 0.048071362 0.0070512295
		 0.056278497 0.40685976 0.13459423 0.0069595873 0.17593592 0.20658918 0.12723619 0.40678442
		 0.048071362 0.0070512295 0.0071536079 0.20676821 0.056278497 0.40685976 0.13459423
		 0.0069595873 0.17593592 0.20658918 0.12723619 0.40678442 0.0071536079 0.20676821
		 0.048071362 0.0070512295 0.056278497 0.40685976 0.13459423 0.0069595873 0.17593592
		 0.20658918 0.12723619 0.40678442 0.0071536079 0.20676821 0.048071362 0.0070512295
		 0.056278497 0.40685976 0.13459423 0.0069595873 0.17593592 0.20658918 0.12723619 0.40678442
		 0.0071536079 0.20676821 0.048071362 0.0070512295 0.056278497 0.40685976 0.13459423
		 0.0069595873 0.17593592 0.20658918 0.12723619 0.40678442 0.0071536079 0.20676821
		 0.048071362 0.0070512295 0.056278497 0.40685976 0.13459423 0.0069595873 0.17593592
		 0.20658918 0.12723619 0.40678442 0.0071536079 0.20676821 0.048071362 0.0070512295
		 0.056278497 0.40685976 0.13459423 0.0069595873 0.17593592 0.20658918 0.12723619 0.40678442
		 0.0071536079 0.20676821 0.048071362 0.0070512295 0.056278497 0.40685976 0.13459423
		 0.0069595873 0.17593592 0.20658918 0.12723619 0.40678442 0.0071536079 0.20676821
		 0.048071362 0.0070512295 0.056278497 0.40685976 0.13459423 0.0069595873 0.17593592
		 0.20658918 0.12723619 0.40678442 0.0071536079 0.20676821 0.048071362 0.0070512295
		 0.056278497 0.40685976 0.13459423 0.0069595873 0.17593592 0.20658918 0.12723619 0.40678442
		 0.0071536079 0.20676821 0.048071362 0.0070512295 0.056278497 0.40685976 0.13459423
		 0.0069595873 0.17593592 0.20658918 0.12723619 0.40678442 0.0071536079 0.20676821
		 0.048071362 0.0070512295 0.056278497 0.40685976 0.13459423 0.0069595873 0.17593592
		 0.20658918 0.12723619 0.40678442 0.0071536079 0.20676821 0.048071362 0.0070512295
		 0.056278497 0.40685976 0.13459423 0.0069595873 0.17593592 0.20658918 0.12723619 0.40678442
		 0.048071362 0.0070512295 0.0071536079 0.20676821 0.056278497 0.40685976 0.13459423
		 0.0069595873 0.17593592 0.20658918 0.12723619 0.40678442 0.0071536079 0.20676821
		 0.048071362 0.0070512295 0.056278497 0.40685976 0.13459423 0.0069595873 0.17593592
		 0.20658918 0.12723619 0.40678442 0.048071362 0.0070512295 0.0071536079 0.20676821
		 0.056278497 0.40685976 0.13459423 0.0069595873 0.17593592 0.20658918 0.12723619 0.40678442
		 0.048071362 0.0070512295 0.0071536079 0.20676821 0.056278497 0.40685976 0.13459423
		 0.0069595873 0.17593592 0.20658918 0.12723619 0.40678442 0.048071362 0.0070512295
		 0.0071536079 0.20676821 0.056278497 0.40685976 0.13459423 0.0069595873 0.17593592
		 0.20658918 0.12723619 0.40678442 0.048071362 0.0070512295 0.0071536079 0.20676821
		 0.056278497 0.40685976 0.13459423 0.0069595873 0.17593592 0.20658918 0.12723619 0.40678442
		 0.048071362 0.0070512295 0.0071536079 0.20676821 0.056278497 0.40685976 0.13459423
		 0.0069595873 0.17593592 0.20658918 0.12723619 0.40678442 0.048071362 0.0070512295
		 0.0071536079 0.20676821 0.056278497 0.40685976 0.13459423 0.0069595873 0.17593592
		 0.20658918 0.12723619 0.40678442 0.048071362 0.0070512295 0.0071536079 0.20676821
		 0.056278497 0.40685976 0.13459423 0.0069595873 0.17593592 0.20658918 0.12723619 0.40678442
		 0.048071362 0.0070512295 0.0071536079 0.20676821 0.056278497 0.40685976 0.13459423
		 0.0069595873 0.17593592 0.20658918 0.12723619 0.40678442 0.048071362 0.0070512295
		 0.0071536079 0.20676821 0.056278497 0.40685976 0.13459423 0.0069595873 0.17593592
		 0.20658918 0.12723619 0.40678442 0.048071362 0.0070512295 0.0071536079 0.20676821
		 0.056278497 0.40685976 0.13459423 0.0069595873 0.17593592 0.20658918 0.12723619 0.40678442
		 0.048071362 0.0070512295 0.0071536079 0.20676821 0.056278497 0.40685976;
	setAttr ".cuvs" -type "string" "map1";
	setAttr ".dcol" yes;
	setAttr ".dcc" -type "string" "Ambient+Diffuse";
	setAttr ".covm[0]"  0 1 1;
	setAttr ".cdvm[0]"  0 1 1;
	setAttr -s 156 ".pt[0:155]" -type "float3"  -5 0.12464447 -3.8577018 
		-5 0.12464447 -3.8577018 -5 0.12464447 -3.8577018 -5 0.12464447 -3.8577018 -5 0.12464447 
		-3.8577018 -5 0.12464447 -3.8577018 -5 0.12464447 -3.8577018 -5 0.12464447 -3.8577018 
		-5 0.12464447 -3.8577018 -5 0.12464447 -3.8577018 -5 0.12464447 -3.8577018 -5 0.12464447 
		-3.8577018 -5 0.12464447 -3.8577018 -5 0.12464447 -3.8577018 -5 0.12464447 -3.8577018 
		-5 0.12464447 -3.8577018 -5 0.12464447 -3.8577018 -5 0.12464447 -3.8577018 -5 0.12464447 
		-3.8577018 -5 0.12464447 -3.8577018 -5 0.12464447 -3.8577018 -5 0.12464447 -3.8577018 
		-5 0.12464447 -3.8577018 -5 0.12464447 -3.8577018 -5 0.12464447 -3.8577018 -5 0.12464447 
		-3.8577018 -5 0.12464447 -3.8577018 -5 0.12464447 -3.8577018 -5 0.12464447 -3.8577018 
		-5 0.12464447 -3.8577018 -5 0.12464447 -3.8577018 -5 0.12464447 -3.8577018 -5 0.12464447 
		-3.8577018 -5 0.12464447 -3.8577018 -5 0.12464447 -3.8577018 -5 0.12464447 -3.8577018 
		-5 0.12464447 -3.8577018 -5 0.12464447 -3.8577018 -5 0.12464447 -3.8577018 -5 0.12464447 
		-3.8577018 -5 0.12464447 -3.8577018 -5 0.12464447 -3.8577018 -5 0.12464447 -3.8577018 
		-5 0.12464447 -3.8577018 -5 0.12464447 -3.8577018 -5 0.12464447 -3.8577018 -5 0.12464447 
		-3.8577018 -5 0.12464447 -3.8577018 -5 0.12464447 -3.8577018 -5 0.12464447 -3.8577018 
		-5 0.12464447 -3.8577018 -5 0.12464447 -3.8577018 -5 0.12464447 -3.8577018 -5 0.12464447 
		-3.8577018 -5 0.12464447 -3.8577018 -5 0.12464447 -3.8577018 -5 0.12464447 -3.8577018 
		-5 0.12464447 -3.8577018 -5 0.12464447 -3.8577018 -5 0.12464447 -3.8577018 -5 0.12464447 
		-3.8577018 -5 0.12464447 -3.8577018 -5 0.12464447 -3.8577018 -5 0.12464447 -3.8577018 
		-5 0.12464447 -3.8577018 -5 0.12464447 -3.8577018 -5 0.12464447 -3.8577018 -5 0.12464447 
		-3.8577018 -5 0.12464447 -3.8577018 -5 0.12464447 -3.8577018 -5 0.12464447 -3.8577018 
		-5 0.12464447 -3.8577018 -5 0.12464447 -3.8577018 -5 0.12464447 -3.8577018 -5 0.12464447 
		-3.8577018 -5 0.12464447 -3.8577018 -5 0.12464447 -3.8577018 -5 0.12464447 -3.8577018 
		-5 0.12464447 -3.8577018 -5 0.12464447 -3.8577018 -5 0.12464447 -3.8577018 -5 0.12464447 
		-3.8577018 -5 0.12464447 -3.8577018 -5 0.12464447 -3.8577018 -5 0.12464447 -3.8577018 
