//Maya ASCII 2018 scene
//Name: cmc_overworld_foliage.ma
//Last modified: Sat, Oct 31, 2020 02:07:08 AM
//Codeset: 1252
requires maya "2018";
requires "stereoCamera" "10.0";
currentUnit -l centimeter -a degree -t film;
fileInfo "application" "maya";
fileInfo "product" "Maya 2018";
fileInfo "version" "2018";
fileInfo "cutIdentifier" "201706261615-f9658c4cfc";
fileInfo "osv" "Microsoft Windows 8 Home Premium Edition, 64-bit  (Build 9200)\n";
fileInfo "license" "student";
createNode transform -s -n "persp";
	rename -uid "1DA4B8DA-4305-02F6-CEE0-EA9A9D253528";
	setAttr ".v" no;
	setAttr ".t" -type "double3" -7.606607336068377 2.6494801196929343 1.4115344330602757 ;
	setAttr ".r" -type "double3" -9.93835228717675 2758.9999999992324 359.99999999993702 ;
	setAttr ".rp" -type "double3" -1.1368683772161603e-13 7.3896444519050419e-13 1.8189894035458565e-12 ;
	setAttr ".rpt" -type "double3" -1.9091641329808945e-12 -3.0612540166182625e-13 -3.3720126392239722e-12 ;
createNode camera -s -n "perspShape" -p "persp";
	rename -uid "40D329E4-4F28-8B4D-F324-4C85D636E865";
	setAttr -k off ".v" no;
	setAttr ".fl" 34.999999999999979;
	setAttr ".coi" 8.8827216482714633;
	setAttr ".imn" -type "string" "persp";
	setAttr ".den" -type "string" "persp_depth";
	setAttr ".man" -type "string" "persp_mask";
	setAttr ".tp" -type "double3" -0.10688400268554688 1.1164247989654541 5.9178228378295898 ;
	setAttr ".hc" -type "string" "viewSet -p %camera";
createNode transform -s -n "top";
	rename -uid "19452B40-4BDA-E6F2-2A38-E5A1D9C5E11F";
	setAttr ".v" no;
	setAttr ".t" -type "double3" 0 1000.1 0 ;
	setAttr ".r" -type "double3" -89.999999999999986 0 0 ;
createNode camera -s -n "topShape" -p "top";
	rename -uid "3E427392-46B6-0C4B-974F-25B852A96167";
	setAttr -k off ".v" no;
	setAttr ".rnd" no;
	setAttr ".coi" 1000.1;
	setAttr ".ow" 143.25061316952338;
	setAttr ".imn" -type "string" "top";
	setAttr ".den" -type "string" "top_depth";
	setAttr ".man" -type "string" "top_mask";
	setAttr ".hc" -type "string" "viewSet -t %camera";
	setAttr ".o" yes;
createNode transform -s -n "front";
	rename -uid "733B46BA-4855-2C37-4A09-95BA0866A836";
	setAttr ".v" no;
	setAttr ".t" -type "double3" 0 0 1000.1 ;
createNode camera -s -n "frontShape" -p "front";
	rename -uid "F0F6A945-4039-5416-BA33-72AE21E2E357";
	setAttr -k off ".v" no;
	setAttr ".rnd" no;
	setAttr ".coi" 1000.1;
	setAttr ".ow" 448.25709793733631;
	setAttr ".imn" -type "string" "front";
	setAttr ".den" -type "string" "front_depth";
	setAttr ".man" -type "string" "front_mask";
	setAttr ".hc" -type "string" "viewSet -f %camera";
	setAttr ".o" yes;
createNode transform -s -n "side";
	rename -uid "80416954-40EA-7FA2-A390-90ABCD0BA190";
	setAttr ".v" no;
	setAttr ".t" -type "double3" 1000.1 0 0 ;
	setAttr ".r" -type "double3" 0 89.999999999999986 0 ;
createNode camera -s -n "sideShape" -p "side";
	rename -uid "F8511712-473F-11FB-C491-B7857AD24DEB";
	setAttr -k off ".v" no;
	setAttr ".rnd" no;
	setAttr ".coi" 1000.1;
	setAttr ".ow" 30;
	setAttr ".imn" -type "string" "side";
	setAttr ".den" -type "string" "side_depth";
	setAttr ".man" -type "string" "side_mask";
	setAttr ".hc" -type "string" "viewSet -s %camera";
	setAttr ".o" yes;
createNode transform -n "large_fern";
	rename -uid "0EC2487A-44A3-6948-532B-31901D07F7D0";
	setAttr ".rp" -type "double3" -2 0 6 ;
	setAttr ".sp" -type "double3" -2 0 6 ;
createNode transform -n "large_fern_LOD0" -p "large_fern";
	rename -uid "AF9D906B-4027-0FAF-4439-15993C2C8AFB";
	setAttr ".rp" -type "double3" -2 0 6 ;
	setAttr ".sp" -type "double3" -2 0 6 ;
createNode mesh -n "large_fern_LOD0Shape" -p "large_fern_LOD0";
	rename -uid "F518767D-430C-3FD4-C24E-0084231F408E";
	setAttr -k off ".v";
	setAttr ".vir" yes;
	setAttr ".vif" yes;
	setAttr ".pv" -type "double2" 0.09154476597905159 0.2069096714258194 ;
	setAttr ".uvst[0].uvsn" -type "string" "map1";
	setAttr -s 234 ".uvst[0].uvsp[0:233]" -type "float2" 0.13459423 0.0069595873
		 0.17593592 0.20658918 0.091544896 0.20678824 0.091338426 0.012396097 0.12723619 0.40678442
		 0.091751516 0.40137494 0.0071536079 0.20676821 0.048071362 0.0070512295 0.056278497
		 0.40685976 0.13459423 0.0069595873 0.091338426 0.012396097 0.091544896 0.20678824
		 0.17593592 0.20658918 0.091751516 0.40137494 0.12723619 0.40678442 0.048071362 0.0070512295
		 0.0071536079 0.20676821 0.056278497 0.40685976 0.13459423 0.0069595873 0.17593592
		 0.20658918 0.091544896 0.20678824 0.091338426 0.012396097 0.12723619 0.40678442 0.091751516
		 0.40137494 0.0071536079 0.20676821 0.048071362 0.0070512295 0.056278497 0.40685976
		 0.13459423 0.0069595873 0.17593592 0.20658918 0.091544896 0.20678824 0.091338426
		 0.012396097 0.12723619 0.40678442 0.091751516 0.40137494 0.0071536079 0.20676821
		 0.048071362 0.0070512295 0.056278497 0.40685976 0.13459423 0.0069595873 0.17593592
		 0.20658918 0.091544896 0.20678824 0.091338426 0.012396097 0.12723619 0.40678442 0.091751516
		 0.40137494 0.0071536079 0.20676821 0.048071362 0.0070512295 0.056278497 0.40685976
		 0.13459423 0.0069595873 0.17593592 0.20658918 0.091544896 0.20678824 0.091338426
		 0.012396097 0.12723619 0.40678442 0.091751516 0.40137494 0.0071536079 0.20676821
		 0.048071362 0.0070512295 0.056278497 0.40685976 0.13459423 0.0069595873 0.17593592
		 0.20658918 0.091544896 0.20678824 0.091338426 0.012396097 0.12723619 0.40678442 0.091751516
		 0.40137494 0.0071536079 0.20676821 0.048071362 0.0070512295 0.056278497 0.40685976
		 0.13459423 0.0069595873 0.17593592 0.20658918 0.091544896 0.20678824 0.091338426
		 0.012396097 0.12723619 0.40678442 0.091751516 0.40137494 0.0071536079 0.20676821
		 0.048071362 0.0070512295 0.056278497 0.40685976 0.13459423 0.0069595873 0.17593592
		 0.20658918 0.091544896 0.20678824 0.091338426 0.012396097 0.12723619 0.40678442 0.091751516
		 0.40137494 0.0071536079 0.20676821 0.048071362 0.0070512295 0.056278497 0.40685976
		 0.13459423 0.0069595873 0.17593592 0.20658918 0.091544896 0.20678824 0.091338426
		 0.012396097 0.12723619 0.40678442 0.091751516 0.40137494 0.0071536079 0.20676821
		 0.048071362 0.0070512295 0.056278497 0.40685976 0.13459423 0.0069595873 0.17593592
		 0.20658918 0.091544896 0.20678824 0.091338426 0.012396097 0.12723619 0.40678442 0.091751516
		 0.40137494 0.0071536079 0.20676821 0.048071362 0.0070512295 0.056278497 0.40685976
		 0.13459423 0.0069595873 0.17593592 0.20658918 0.091544896 0.20678824 0.091338426
		 0.012396097 0.12723619 0.40678442 0.091751516 0.40137494 0.0071536079 0.20676821
		 0.048071362 0.0070512295 0.056278497 0.40685976 0.13459423 0.0069595873 0.17593592
		 0.20658918 0.091544896 0.20678824 0.091338426 0.012396097 0.12723619 0.40678442 0.091751516
		 0.40137494 0.0071536079 0.20676821 0.048071362 0.0070512295 0.056278497 0.40685976
		 0.13459423 0.0069595873 0.091338426 0.012396097 0.091544896 0.20678824 0.17593592
		 0.20658918 0.091751516 0.40137494 0.12723619 0.40678442 0.048071362 0.0070512295
		 0.0071536079 0.20676821 0.056278497 0.40685976 0.13459423 0.0069595873 0.17593592
		 0.20658918 0.091544896 0.20678824 0.091338426 0.012396097 0.12723619 0.40678442 0.091751516
		 0.40137494 0.0071536079 0.20676821 0.048071362 0.0070512295 0.056278497 0.40685976
		 0.13459423 0.0069595873 0.091338426 0.012396097 0.091544896 0.20678824 0.17593592
		 0.20658918 0.091751516 0.40137494 0.12723619 0.40678442 0.048071362 0.0070512295
		 0.0071536079 0.20676821 0.056278497 0.40685976 0.13459423 0.0069595873 0.091338426
		 0.012396097 0.091544896 0.20678824 0.17593592 0.20658918 0.091751516 0.40137494 0.12723619
		 0.40678442 0.048071362 0.0070512295 0.0071536079 0.20676821 0.056278497 0.40685976
		 0.13459423 0.0069595873 0.091338426 0.012396097 0.091544896 0.20678824 0.17593592
		 0.20658918 0.091751516 0.40137494 0.12723619 0.40678442 0.048071362 0.0070512295
		 0.0071536079 0.20676821 0.056278497 0.40685976 0.13459423 0.0069595873 0.091338426
		 0.012396097 0.091544896 0.20678824 0.17593592 0.20658918 0.091751516 0.40137494 0.12723619
		 0.40678442 0.048071362 0.0070512295 0.0071536079 0.20676821 0.056278497 0.40685976
		 0.13459423 0.0069595873 0.091338426 0.012396097 0.091544896 0.20678824 0.17593592
		 0.20658918 0.091751516 0.40137494 0.12723619 0.40678442 0.048071362 0.0070512295
		 0.0071536079 0.20676821 0.056278497 0.40685976 0.13459423 0.0069595873 0.091338426
		 0.012396097 0.091544896 0.20678824 0.17593592 0.20658918 0.091751516 0.40137494 0.12723619
		 0.40678442 0.048071362 0.0070512295 0.0071536079 0.20676821 0.056278497 0.40685976
		 0.13459423 0.0069595873 0.091338426 0.012396097 0.091544896 0.20678824 0.17593592
		 0.20658918 0.091751516 0.40137494 0.12723619 0.40678442 0.048071362 0.0070512295
		 0.0071536079 0.20676821 0.056278497 0.40685976 0.13459423 0.0069595873 0.091338426
		 0.012396097 0.091544896 0.20678824 0.17593592 0.20658918 0.091751516 0.40137494 0.12723619
		 0.40678442 0.048071362 0.0070512295 0.0071536079 0.20676821 0.056278497 0.40685976
		 0.13459423 0.0069595873 0.091338426 0.012396097 0.091544896 0.20678824 0.17593592
		 0.20658918 0.091751516 0.40137494 0.12723619 0.40678442 0.048071362 0.0070512295
		 0.0071536079 0.20676821 0.056278497 0.40685976 0.13459423 0.0069595873 0.091338426
		 0.012396097 0.091544896 0.20678824 0.17593592 0.20658918 0.091751516 0.40137494 0.12723619
		 0.40678442 0.048071362 0.0070512295 0.0071536079 0.20676821 0.056278497 0.40685976
		 0.13459423 0.0069595873 0.091338426 0.012396097 0.091544896 0.20678824 0.17593592
		 0.20658918 0.091751516 0.40137494 0.12723619 0.40678442 0.048071362 0.0070512295
		 0.0071536079 0.20676821 0.056278497 0.40685976;
	setAttr ".cuvs" -type "string" "map1";
	setAttr ".dcol" yes;
	setAttr ".dcc" -type "string" "Ambient+Diffuse";
	setAttr ".covm[0]"  0 1 1;
	setAttr ".cdvm[0]"  0 1 1;
	setAttr -s 234 ".pt";
	setAttr ".pt[0:165]" -type "float3"  -91.669937 2.1917593 11.63356 -66.614578 
		-8.4031591 14.17308 -39.895584 -5.618403 3.243927 -92.781891 -1.812966e-15 6 -68.542618 
		-10.332896 2.3604889 -41.032028 -6.5871611 -1.1140747 -93.14389 2.6650107 0.4733429 
		-69.720688 -7.4058633 -9.3451996 -41.053238 -5.246706 -5.5214386 -88.012604 1.5953859 
		5.885437 -83.496719 -5.4393921 -14.854111 -89.197357 -0.83268142 -37.430222 -92.781891 
		-2.6981754e-15 6 -93.351791 -6.586369 -14.742203 -92.891174 -1.4939806 -37.064621 
		-97.198318 2.4052789 5.880661 -102.85403 -3.7326818 -14.864197 -96.411926 -0.19658148 
		-37.433975 -97.205368 2.0042872 2.7921295 -116.02943 -4.8851705 19.149078 -125.94078 
		1.4401287 43.96788 -92.781891 -3.394281e-15 6 -106.85109 -6.5365367 25.844284 -122.29199 
		0.53679317 46.181534 -88.617386 2.6417136 9.0907898 -97.931717 -3.541903 32.422455 
		-119.19566 1.9407712 48.914963 -97.434631 1.6764369 6.0578766 -104.90666 -12.270494 
		21.322601 -102.72604 -16.952475 44.081375 -92.781891 1.6886078e-15 6 -95.3116 -13.834304 
		22.136108 -99.081467 -17.626001 44.008072 -88.508087 1.8798565 7.6317291 -86.09549 
		-11.841821 24.639221 -95.715027 -16.792709 45.31749 -96.029099 2.2259021 0.44699097 
		-122.16487 -12.04113 5.8267822 -146.97124 -11.537172 26.223557 -92.781891 -7.5245065e-16 
		6 -116.05066 -13.809659 17.648865 -144.24208 -12.429591 30.440765 -90.850876 3.0519845 
		11.769867 -111.25266 -10.300302 29.68782 -142.90422 -10.888357 35.116684 -96.386368 
		0.17431965 9.1312103 -86.244354 -9.6300163 25.008041 -69.231842 -6.3894315 39.441177 
		-92.781891 -1.3266152e-15 6 -79.02095 -8.0561485 19.163574 -66.686127 -5.9742212 
		36.957123 -89.850052 3.3318033 4.2306671 -72.4702 -2.9761581 14.680984 -64.098145 
		-3.9095039 35.592209 -95.875946 2.0047038 11.335037 -78.306015 -10.776441 30.280579 
		-49.648926 -9.0157328 40.864273 -92.781891 -1.2044765e-15 6 -71.458023 -12.19849 
		19.570633 -47.458649 -9.7848177 36.593857 -89.095779 3.0570664 1.6271667 -64.017975 
		-8.5587673 9.822876 -44.323715 -8.1891956 33.239578 -87.344009 2.0388751 7.2785339 
		-73.989014 -17.044088 -5.220871 -68.797012 -26.465612 -31.136337 -92.781891 3.3475456e-15 
		6 -84.808548 -19.151358 -9.2307129 -73.042068 -27.296495 -32.210907 -97.064087 1.9153451 
		2.3453522 -94.472427 -17.304407 -15.616669 -76.43129 -26.562637 -35.010925 -90.302277 
		1.9340146 9.921524 -73.04512 -12.243161 9.2328644 -54.342209 -17.701969 -4.2938995 
		-92.781891 1.8789425e-15 6 -77.352432 -14.334756 0.55078125 -56.311096 -18.567097 
		-7.3873596 -93.603333 1.6493989 1.3232574 -80.001556 -12.84294 -8.8865204 -56.934906 
		-17.92551 -11.047089 -88.012604 1.5953859 5.885437 -83.496719 -5.4393921 -14.854111 
		-89.197357 -0.83268142 -37.430222 -92.781891 -2.6981754e-15 6 -93.351791 -6.586369 
		-14.742203 -92.891174 -1.4939806 -37.064621 -97.198318 2.4052789 5.880661 -102.85403 
		-3.7326818 -14.864197 -96.411926 -0.19658148 -37.433975 -93.365051 1.5921421 1.0599365 
		-101.88326 -18.387377 -7.1431122 -121.9623 -32.592098 -5.5861053 -92.781891 5.768147e-15 
		6 -102.38647 -20.237492 2.9790344 -121.75038 -33.209087 -1.726181 -95.327194 1.1262058 
		10.419525 -106.01814 -19.369259 12.580643 -123.5034 -32.958054 1.7650146 -97.698196 
		3.327054 7.1035614 -100.26752 -3.5383492 32.923157 -87.236526 -0.078666903 58.021744 
		-92.781891 -2.8312529e-15 6 -89.424271 -7.9210849 30.674179 -83.316559 -1.9880459 
		56.809799 -86.993271 1.4203358 5.0347443 -77.708694 -7.5564313 28.563477 -78.828751 
		-1.5762268 56.396866 -89.527893 1.2626398 1.1008606 -98.779251 -18.82745 -13.925674 
		-122.54147 -27.384642 -26.878311 -92.781891 3.3771096e-15 6 -106.4483 -19.299732 
		-4.8844604 -125.07797 -27.603859 -23.157364 -97.502121 2.6901386 8.5820465 -115.58357 
		-15.81924 1.8396454 -128.80452 -26.263468 -21.002502 -91.669937 2.1917593 11.63356 
		-66.614578 -8.4031591 14.17308 -39.895584 -5.618403 3.243927 -92.781891 -1.812966e-15 
		6 -68.542618 -10.332896 2.3604889 -41.032028 -6.5871611 -1.1140747 -93.14389 2.6650107 
		0.4733429 -69.720688 -7.4058633 -9.3451996 -41.053238 -5.246706 -5.5214386 -88.012604 
		1.5953859 5.885437 -83.496719 -5.4393921 -14.854111 -89.197357 -0.83268142 -37.430222 
		-92.781891 -2.6981754e-15 6 -93.351791 -6.586369 -14.742203 -92.891174 -1.4939806 
		-37.064621 -97.198318 2.4052789 5.880661 -102.85403 -3.7326818 -14.864197 -96.411926 
		-0.19658148 -37.433975 -97.205368 2.0042872 2.7921295 -116.02943 -4.8851705 19.149078 
		-125.94078 1.4401287 43.96788 -92.781891 -3.394281e-15 6 -106.85109 -6.5365367 25.844284 
		-122.29199 0.53679317 46.181534 -88.617386 2.6417136 9.0907898 -97.931717 -3.541903 
		32.422455 -119.19566 1.9407712 48.914963 -97.434631 1.6764369 6.0578766 -104.90666 
		-12.270494 21.322601 -102.72604 -16.952475 44.081375 -92.781891 1.6886078e-15 6 -95.3116 
		-13.834304 22.136108 -99.081467 -17.626001 44.008072 -88.508087 1.8798565 7.6317291 
		-86.09549 -11.841821 24.639221 -95.715027 -16.792709 45.31749 -96.029099 2.2259021 
		0.44699097 -122.16487 -12.04113 5.8267822 -146.97124 -11.537172 26.223557 -92.781891 
		-7.5245065e-16 6 -116.05066 -13.809659 17.648865 -144.24208 -12.429591 30.440765 
		-90.850876 3.0519845 11.769867 -111.25266 -10.300302 29.68782 -142.90422 -10.888357 
		35.116684 -96.386368 0.17431965 9.1312103 -86.244354 -9.6300163 25.008041 -69.231842 
		-6.3894315 39.441177 -92.781891 -1.3266152e-15 6;
	setAttr ".pt[166:233]" -79.02095 -8.0561485 19.163574 -66.686127 -5.9742212 
		36.957123 -89.850052 3.3318033 4.2306671 -72.4702 -2.9761581 14.680984 -64.098145 
		-3.9095039 35.592209 -95.875946 2.0047038 11.335037 -78.306015 -10.776441 30.280579 
		-49.648926 -9.0157328 40.864273 -92.781891 -1.2044765e-15 6 -71.458023 -12.19849 
		19.570633 -47.458649 -9.7848177 36.593857 -89.095779 3.0570664 1.6271667 -64.017975 
		-8.5587673 9.822876 -44.323715 -8.1891956 33.239578 -87.344009 2.0388751 7.2785339 
		-73.989014 -17.044088 -5.220871 -68.797012 -26.465612 -31.136337 -92.781891 3.3475456e-15 
		6 -84.808548 -19.151358 -9.2307129 -73.042068 -27.296495 -32.210907 -97.064087 1.9153451 
		2.3453522 -94.472427 -17.304407 -15.616669 -76.43129 -26.562637 -35.010925 -90.302277 
		1.9340146 9.921524 -73.04512 -12.243161 9.2328644 -54.342209 -17.701969 -4.2938995 
		-92.781891 1.8789425e-15 6 -77.352432 -14.334756 0.55078125 -56.311096 -18.567097 
		-7.3873596 -93.603333 1.6493989 1.3232574 -80.001556 -12.84294 -8.8865204 -56.934906 
		-17.92551 -11.047089 -88.012604 1.5953859 5.885437 -83.496719 -5.4393921 -14.854111 
		-89.197357 -0.83268142 -37.430222 -92.781891 -2.6981754e-15 6 -93.351791 -6.586369 
		-14.742203 -92.891174 -1.4939806 -37.064621 -97.198318 2.4052789 5.880661 -102.85403 
		-3.7326818 -14.864197 -96.411926 -0.19658148 -37.433975 -93.365051 1.5921421 1.0599365 
		-101.88326 -18.387377 -7.1431122 -121.9623 -32.592098 -5.5861053 -92.781891 5.768147e-15 
		6 -102.38647 -20.237492 2.9790344 -121.75038 -33.209087 -1.726181 -95.327194 1.1262058 
		10.419525 -106.01814 -19.369259 12.580643 -123.5034 -32.958054 1.7650146 -97.698196 
		3.327054 7.1035614 -100.26752 -3.5383492 32.923157 -87.236526 -0.078666903 58.021744 
		-92.781891 -2.8312529e-15 6 -89.424271 -7.9210849 30.674179 -83.316559 -1.9880459 
		56.809799 -86.993271 1.4203358 5.0347443 -77.708694 -7.5564313 28.563477 -78.828751 
		-1.5762268 56.396866 -89.527893 1.2626398 1.1008606 -98.779251 -18.82745 -13.925674 
		-122.54147 -27.384642 -26.878311 -92.781891 3.3771096e-15 6 -106.4483 -19.299732 
		-4.8844604 -125.07797 -27.603859 -23.157364 -97.502121 2.6901386 8.5820465 -115.58357 
		-15.81924 1.8396454 -128.80452 -26.263468 -21.002502;
	setAttr -s 234 ".vt";
	setAttr ".vt[0:165]"  89.65869904 -2.21389842 -5.69046593 64.3502655 8.48803997 -8.25562763
		 37.36137772 5.67515469 2.78390026 90.78189087 1.8312789e-15 -1.6131793e-15 66.2977829 10.43726921 3.67627287
		 38.50930023 6.65369797 7.18592405 91.14754486 -2.69193006 5.58248281 67.48775482 7.48066998 15.50019169
		 38.53073502 5.29970312 11.63781548 85.96443176 -1.61150086 0.11571796 81.40292358 5.49433565 21.064764023
		 87.16114807 0.84109235 43.86890793 90.78189087 2.7254297e-15 -1.1381872e-14 91.35755157 6.65289783 20.9517231
		 90.89228058 1.50907135 43.49962997 95.24292755 -2.42957473 0.12055175 100.95576477 3.7703855 21.074949265
		 94.44859314 0.19856715 43.87270737 95.25005341 -2.024532557 3.2402761 114.26425934 4.93451548 -13.28189087
		 124.27571106 -1.45467544 -38.35140228 90.78189087 3.4285666e-15 9.5825125e-15 104.99320221 6.60256243 -20.044744492
		 120.59007263 -0.54221535 -40.58741379 86.57531738 -2.66839767 -3.12201667 95.98373413 3.57767987 -26.68933868
		 117.46246338 -1.96037495 -43.34842682 95.48162842 -1.69337058 -0.058462918 103.029129028 12.39443779 -15.47737503
		 100.82649231 17.12371254 -38.46603394 90.78189087 -1.7056644e-15 1.0654412e-14 93.3371582 13.97404385 -16.29909706
		 97.14510345 17.80404091 -38.39197922 86.46492004 -1.89884496 -1.64820838 84.027954102 11.96143532 -18.82749176
		 93.74465179 16.96233177 -39.71463776 94.061897278 -2.24838591 5.60909986 120.46166229 12.16275787 0.17498016
		 145.51861572 11.65370941 -20.42783928 90.78189087 7.6005119e-16 5.4017654e-15 114.28569794 13.94915009 -11.76652622
		 142.76187134 12.5551424 -24.68763733 88.83137512 -3.082812786 -5.8281579 109.43922424 10.40434456 -23.92708969
		 141.4105072 10.99834061 -29.41080284 94.42277527 -0.17608047 -3.16283679 84.17831421 9.7272892 -19.20003891
		 66.99395752 6.45397139 -33.77895737 90.78189087 1.3400153e-15 8.8638017e-15 76.88195038 8.13752365 -13.29653931
		 64.4225235 6.034566879 -31.26981735 87.8204422 -3.36545801 1.78720212 70.26502228 3.0062203407 -8.76867485
		 61.80840683 3.94899392 -29.89113617 93.90719604 -2.024953365 -5.38893843 76.15979004 10.88529396 -24.52584076
		 47.21324539 9.10680103 -35.21643829 90.78189087 1.216643e-15 7.1760758e-15 69.24263 12.32170677 -13.70770073
		 45.00084686279 9.88365459 -30.90289497 87.058547974 -3.087945938 4.41700172 61.72743225 8.6452198 -3.86149573
		 41.83423233 8.27191448 -27.51473045 85.28907776 -2.0594697 -1.29143786 71.79917908 17.21625137 11.33420753
		 66.55473328 26.73294258 37.51146317 90.78189087 -3.3813591e-15 -9.8067992e-15 82.72801971 19.34480476 15.38455677
		 70.84266663 27.57221794 38.59687424 95.10734558 -1.93469203 3.69156051 92.48949432 17.47919846 21.83502769
		 74.26612091 26.83094597 41.42517471 88.27722931 -1.9535501 -3.96113062 70.84576416 12.36682987 -3.26551819
		 51.95392609 17.88077736 10.39787865 90.78189087 -1.8979217e-15 -3.7687541e-15 75.19657898 14.47955132 5.50425434
		 53.94270325 18.75464249 13.52257729 91.6116333 -1.66605949 4.72398472 77.87246704 12.97266674 15.036880493
		 54.57281494 18.10657692 17.21927643 85.96443176 -1.61150086 0.11571796 81.40292358 5.49433565 21.064764023
		 87.16114807 0.84109235 43.86890793 90.78189087 2.7254297e-15 -1.1381872e-14 91.35755157 6.65289783 20.9517231
		 90.89228058 1.50907135 43.49962997 95.24292755 -2.42957473 0.12055175 100.95576477 3.7703855 21.074949265
		 94.44859314 0.19856715 43.87270737 91.37093353 -1.60822439 4.98995876 99.97518158 18.57310867 13.27586174
		 120.25704956 32.92131042 11.70314503 90.78189087 -5.826411e-15 -2.1530449e-15 100.48348999 20.44190979 3.051484585
		 120.042984009 33.54453278 7.80422497 93.35290527 -1.13758159 -4.46417332 104.15184784 19.56490707 -6.64710808
		 121.8137207 33.29096222 4.27775145 95.74785614 -3.36066055 -1.11470962 98.34312439 3.57409 -27.19511986
		 85.18051147 0.079461515 -52.54721451 90.78189087 2.8598515e-15 1.1941922e-14 87.39035034 8.0010957718 -24.92340851
		 81.22094727 2.0081272125 -51.32304764 84.93479919 -1.43468261 0.97500658 75.55644989 7.63275909 -22.791399
		 76.68780518 1.5921483 -50.90592575 87.49502563 -1.27539372 4.94862938 96.83983612 19.017625809 20.12693787
		 120.84207153 27.66125488 33.2104187 90.78189087 -3.4112217e-15 -7.5989477e-15 104.58634186 19.4946785 10.99440002
		 123.40419769 27.88268661 29.45188332 95.54979706 -2.71731162 -2.60812259 113.81388855 15.97902966 4.20237064
		 127.16838837 26.52875519 27.27524948 89.65869904 -2.21389842 -5.69046593 64.3502655 8.48803997 -8.25562763
		 37.36137772 5.67515469 2.78390026 90.78189087 1.8312789e-15 -1.6131793e-15 66.2977829 10.43726921 3.67627287
		 38.50930023 6.65369797 7.18592405 91.14754486 -2.69193006 5.58248281 67.48775482 7.48066998 15.50019169
		 38.53073502 5.29970312 11.63781548 85.96443176 -1.61150086 0.11571796 81.40292358 5.49433565 21.064764023
		 87.16114807 0.84109235 43.86890793 90.78189087 2.7254297e-15 -1.1381872e-14 91.35755157 6.65289783 20.9517231
		 90.89228058 1.50907135 43.49962997 95.24292755 -2.42957473 0.12055175 100.95576477 3.7703855 21.074949265
		 94.44859314 0.19856715 43.87270737 95.25005341 -2.024532557 3.2402761 114.26425934 4.93451548 -13.28189087
		 124.27571106 -1.45467544 -38.35140228 90.78189087 3.4285666e-15 9.5825125e-15 104.99320221 6.60256243 -20.044744492
		 120.59007263 -0.54221535 -40.58741379 86.57531738 -2.66839767 -3.12201667 95.98373413 3.57767987 -26.68933868
		 117.46246338 -1.96037495 -43.34842682 95.48162842 -1.69337058 -0.058462918 103.029129028 12.39443779 -15.47737503
		 100.82649231 17.12371254 -38.46603394 90.78189087 -1.7056644e-15 1.0654412e-14 93.3371582 13.97404385 -16.29909706
		 97.14510345 17.80404091 -38.39197922 86.46492004 -1.89884496 -1.64820838 84.027954102 11.96143532 -18.82749176
		 93.74465179 16.96233177 -39.71463776 94.061897278 -2.24838591 5.60909986 120.46166229 12.16275787 0.17498016
		 145.51861572 11.65370941 -20.42783928 90.78189087 7.6005119e-16 5.4017654e-15 114.28569794 13.94915009 -11.76652622
		 142.76187134 12.5551424 -24.68763733 88.83137512 -3.082812786 -5.8281579 109.43922424 10.40434456 -23.92708969
		 141.4105072 10.99834061 -29.41080284 94.42277527 -0.17608047 -3.16283679 84.17831421 9.7272892 -19.20003891
		 66.99395752 6.45397139 -33.77895737 90.78189087 1.3400153e-15 8.8638017e-15;
	setAttr ".vt[166:233]" 76.88195038 8.13752365 -13.29653931 64.4225235 6.034566879 -31.26981735
		 87.8204422 -3.36545801 1.78720212 70.26502228 3.0062203407 -8.76867485 61.80840683 3.94899392 -29.89113617
		 93.90719604 -2.024953365 -5.38893843 76.15979004 10.88529396 -24.52584076 47.21324539 9.10680103 -35.21643829
		 90.78189087 1.216643e-15 7.1760758e-15 69.24263 12.32170677 -13.70770073 45.00084686279 9.88365459 -30.90289497
		 87.058547974 -3.087945938 4.41700172 61.72743225 8.6452198 -3.86149573 41.83423233 8.27191448 -27.51473045
		 85.28907776 -2.0594697 -1.29143786 71.79917908 17.21625137 11.33420753 66.55473328 26.73294258 37.51146317
		 90.78189087 -3.3813591e-15 -9.8067992e-15 82.72801971 19.34480476 15.38455677 70.84266663 27.57221794 38.59687424
		 95.10734558 -1.93469203 3.69156051 92.48949432 17.47919846 21.83502769 74.26612091 26.83094597 41.42517471
		 88.27722931 -1.9535501 -3.96113062 70.84576416 12.36682987 -3.26551819 51.95392609 17.88077736 10.39787865
		 90.78189087 -1.8979217e-15 -3.7687541e-15 75.19657898 14.47955132 5.50425434 53.94270325 18.75464249 13.52257729
		 91.6116333 -1.66605949 4.72398472 77.87246704 12.97266674 15.036880493 54.57281494 18.10657692 17.21927643
		 85.96443176 -1.61150086 0.11571796 81.40292358 5.49433565 21.064764023 87.16114807 0.84109235 43.86890793
		 90.78189087 2.7254297e-15 -1.1381872e-14 91.35755157 6.65289783 20.9517231 90.89228058 1.50907135 43.49962997
		 95.24292755 -2.42957473 0.12055175 100.95576477 3.7703855 21.074949265 94.44859314 0.19856715 43.87270737
		 91.37093353 -1.60822439 4.98995876 99.97518158 18.57310867 13.27586174 120.25704956 32.92131042 11.70314503
		 90.78189087 -5.826411e-15 -2.1530449e-15 100.48348999 20.44190979 3.051484585 120.042984009 33.54453278 7.80422497
		 93.35290527 -1.13758159 -4.46417332 104.15184784 19.56490707 -6.64710808 121.8137207 33.29096222 4.27775145
		 95.74785614 -3.36066055 -1.11470962 98.34312439 3.57409 -27.19511986 85.18051147 0.079461515 -52.54721451
		 90.78189087 2.8598515e-15 1.1941922e-14 87.39035034 8.0010957718 -24.92340851 81.22094727 2.0081272125 -51.32304764
		 84.93479919 -1.43468261 0.97500658 75.55644989 7.63275909 -22.791399 76.68780518 1.5921483 -50.90592575
		 87.49502563 -1.27539372 4.94862938 96.83983612 19.017625809 20.12693787 120.84207153 27.66125488 33.2104187
		 90.78189087 -3.4112217e-15 -7.5989477e-15 104.58634186 19.4946785 10.99440002 123.40419769 27.88268661 29.45188332
		 95.54979706 -2.71731162 -2.60812259 113.81388855 15.97902966 4.20237064 127.16838837 26.52875519 27.27524948;
	setAttr -s 312 ".ed";
	setAttr ".ed[0:165]"  0 1 0 0 3 0 1 2 0 1 4 1 2 5 0 3 4 1 3 6 0 4 5 1 4 7 1
		 5 8 0 6 7 0 7 8 0 9 10 0 9 12 0 10 11 0 10 13 1 11 14 0 12 13 1 12 15 0 13 14 1 13 16 1
		 14 17 0 15 16 0 16 17 0 18 19 0 18 21 0 19 20 0 19 22 1 20 23 0 21 22 1 21 24 0 22 23 1
		 22 25 1 23 26 0 24 25 0 25 26 0 27 28 0 27 30 0 28 29 0 28 31 1 29 32 0 30 31 1 30 33 0
		 31 32 1 31 34 1 32 35 0 33 34 0 34 35 0 36 37 0 36 39 0 37 38 0 37 40 1 38 41 0 39 40 1
		 39 42 0 40 41 1 40 43 1 41 44 0 42 43 0 43 44 0 45 46 0 45 48 0 46 47 0 46 49 1 47 50 0
		 48 49 1 48 51 0 49 50 1 49 52 1 50 53 0 51 52 0 52 53 0 54 55 0 54 57 0 55 56 0 55 58 1
		 56 59 0 57 58 1 57 60 0 58 59 1 58 61 1 59 62 0 60 61 0 61 62 0 63 64 0 63 66 0 64 65 0
		 64 67 1 65 68 0 66 67 1 66 69 0 67 68 1 67 70 1 68 71 0 69 70 0 70 71 0 72 73 0 72 75 0
		 73 74 0 73 76 1 74 77 0 75 76 1 75 78 0 76 77 1 76 79 1 77 80 0 78 79 0 79 80 0 81 82 0
		 81 84 0 82 83 0 82 85 1 83 86 0 84 85 1 84 87 0 85 86 1 85 88 1 86 89 0 87 88 0 88 89 0
		 90 91 0 90 93 0 91 92 0 91 94 1 92 95 0 93 94 1 93 96 0 94 95 1 94 97 1 95 98 0 96 97 0
		 97 98 0 99 100 0 99 102 0 100 101 0 100 103 1 101 104 0 102 103 1 102 105 0 103 104 1
		 103 106 1 104 107 0 105 106 0 106 107 0 108 109 0 108 111 0 109 110 0 109 112 1 110 113 0
		 111 112 1 111 114 0 112 113 1 112 115 1 113 116 0 114 115 0 115 116 0 117 118 0 117 120 0
		 118 119 0 118 121 1 119 122 0 120 121 1 120 123 0 121 122 1 121 124 1 122 125 0;
	setAttr ".ed[166:311]" 123 124 0 124 125 0 126 127 0 126 129 0 127 128 0 127 130 1
		 128 131 0 129 130 1 129 132 0 130 131 1 130 133 1 131 134 0 132 133 0 133 134 0 135 136 0
		 135 138 0 136 137 0 136 139 1 137 140 0 138 139 1 138 141 0 139 140 1 139 142 1 140 143 0
		 141 142 0 142 143 0 144 145 0 144 147 0 145 146 0 145 148 1 146 149 0 147 148 1 147 150 0
		 148 149 1 148 151 1 149 152 0 150 151 0 151 152 0 153 154 0 153 156 0 154 155 0 154 157 1
		 155 158 0 156 157 1 156 159 0 157 158 1 157 160 1 158 161 0 159 160 0 160 161 0 162 163 0
		 162 165 0 163 164 0 163 166 1 164 167 0 165 166 1 165 168 0 166 167 1 166 169 1 167 170 0
		 168 169 0 169 170 0 171 172 0 171 174 0 172 173 0 172 175 1 173 176 0 174 175 1 174 177 0
		 175 176 1 175 178 1 176 179 0 177 178 0 178 179 0 180 181 0 180 183 0 181 182 0 181 184 1
		 182 185 0 183 184 1 183 186 0 184 185 1 184 187 1 185 188 0 186 187 0 187 188 0 189 190 0
		 189 192 0 190 191 0 190 193 1 191 194 0 192 193 1 192 195 0 193 194 1 193 196 1 194 197 0
		 195 196 0 196 197 0 198 199 0 198 201 0 199 200 0 199 202 1 200 203 0 201 202 1 201 204 0
		 202 203 1 202 205 1 203 206 0 204 205 0 205 206 0 207 208 0 207 210 0 208 209 0 208 211 1
		 209 212 0 210 211 1 210 213 0 211 212 1 211 214 1 212 215 0 213 214 0 214 215 0 216 217 0
		 216 219 0 217 218 0 217 220 1 218 221 0 219 220 1 219 222 0 220 221 1 220 223 1 221 224 0
		 222 223 0 223 224 0 225 226 0 225 228 0 226 227 0 226 229 1 227 230 0 228 229 1 228 231 0
		 229 230 1 229 232 1 230 233 0 231 232 0 232 233 0;
	setAttr -s 104 -ch 416 ".fc[0:103]" -type "polyFaces" 
		f 4 0 3 -6 -2
		mu 0 4 0 1 2 3
		f 4 2 4 -8 -4
		mu 0 4 1 4 5 2
		f 4 5 8 -11 -7
		mu 0 4 3 2 6 7
		f 4 7 9 -12 -9
		mu 0 4 2 5 8 6
		f 4 13 17 -16 -13
		mu 0 4 9 10 11 12
		f 4 15 19 -17 -15
		mu 0 4 12 11 13 14
		f 4 18 22 -21 -18
		mu 0 4 10 15 16 11
		f 4 20 23 -22 -20
		mu 0 4 11 16 17 13
		f 4 24 27 -30 -26
		mu 0 4 18 19 20 21
		f 4 26 28 -32 -28
		mu 0 4 19 22 23 20
		f 4 29 32 -35 -31
		mu 0 4 21 20 24 25
		f 4 31 33 -36 -33
		mu 0 4 20 23 26 24
		f 4 36 39 -42 -38
		mu 0 4 27 28 29 30
		f 4 38 40 -44 -40
		mu 0 4 28 31 32 29
		f 4 41 44 -47 -43
		mu 0 4 30 29 33 34
		f 4 43 45 -48 -45
		mu 0 4 29 32 35 33
		f 4 48 51 -54 -50
		mu 0 4 36 37 38 39
		f 4 50 52 -56 -52
		mu 0 4 37 40 41 38
		f 4 53 56 -59 -55
		mu 0 4 39 38 42 43
		f 4 55 57 -60 -57
		mu 0 4 38 41 44 42
		f 4 60 63 -66 -62
		mu 0 4 45 46 47 48
		f 4 62 64 -68 -64
		mu 0 4 46 49 50 47
		f 4 65 68 -71 -67
		mu 0 4 48 47 51 52
		f 4 67 69 -72 -69
		mu 0 4 47 50 53 51
		f 4 72 75 -78 -74
		mu 0 4 54 55 56 57
		f 4 74 76 -80 -76
		mu 0 4 55 58 59 56
		f 4 77 80 -83 -79
		mu 0 4 57 56 60 61
		f 4 79 81 -84 -81
		mu 0 4 56 59 62 60
		f 4 84 87 -90 -86
		mu 0 4 63 64 65 66
		f 4 86 88 -92 -88
		mu 0 4 64 67 68 65
		f 4 89 92 -95 -91
		mu 0 4 66 65 69 70
		f 4 91 93 -96 -93
		mu 0 4 65 68 71 69
		f 4 96 99 -102 -98
		mu 0 4 72 73 74 75
		f 4 98 100 -104 -100
		mu 0 4 73 76 77 74
		f 4 101 104 -107 -103
		mu 0 4 75 74 78 79
		f 4 103 105 -108 -105
		mu 0 4 74 77 80 78
		f 4 108 111 -114 -110
		mu 0 4 81 82 83 84
		f 4 110 112 -116 -112
		mu 0 4 82 85 86 83
		f 4 113 116 -119 -115
		mu 0 4 84 83 87 88
		f 4 115 117 -120 -117
		mu 0 4 83 86 89 87
		f 4 120 123 -126 -122
		mu 0 4 90 91 92 93
		f 4 122 124 -128 -124
		mu 0 4 91 94 95 92
		f 4 125 128 -131 -127
		mu 0 4 93 92 96 97
		f 4 127 129 -132 -129
		mu 0 4 92 95 98 96
		f 4 132 135 -138 -134
		mu 0 4 99 100 101 102
		f 4 134 136 -140 -136
		mu 0 4 100 103 104 101
		f 4 137 140 -143 -139
		mu 0 4 102 101 105 106
		f 4 139 141 -144 -141
		mu 0 4 101 104 107 105
		f 4 144 147 -150 -146
		mu 0 4 108 109 110 111
		f 4 146 148 -152 -148
		mu 0 4 109 112 113 110
		f 4 149 152 -155 -151
		mu 0 4 111 110 114 115
		f 4 151 153 -156 -153
		mu 0 4 110 113 116 114
		f 4 157 161 -160 -157
		mu 0 4 117 118 119 120
		f 4 159 163 -161 -159
		mu 0 4 120 119 121 122
		f 4 162 166 -165 -162
		mu 0 4 118 123 124 119
		f 4 164 167 -166 -164
		mu 0 4 119 124 125 121
		f 4 168 171 -174 -170
		mu 0 4 126 127 128 129
		f 4 170 172 -176 -172
		mu 0 4 127 130 131 128
		f 4 173 176 -179 -175
		mu 0 4 129 128 132 133
		f 4 175 177 -180 -177
		mu 0 4 128 131 134 132
		f 4 181 185 -184 -181
		mu 0 4 135 136 137 138
		f 4 183 187 -185 -183
		mu 0 4 138 137 139 140
		f 4 186 190 -189 -186
		mu 0 4 136 141 142 137
		f 4 188 191 -190 -188
		mu 0 4 137 142 143 139
		f 4 193 197 -196 -193
		mu 0 4 144 145 146 147
		f 4 195 199 -197 -195
		mu 0 4 147 146 148 149
		f 4 198 202 -201 -198
		mu 0 4 145 150 151 146
		f 4 200 203 -202 -200
		mu 0 4 146 151 152 148
		f 4 205 209 -208 -205
		mu 0 4 153 154 155 156
		f 4 207 211 -209 -207
		mu 0 4 156 155 157 158
		f 4 210 214 -213 -210
		mu 0 4 154 159 160 155
		f 4 212 215 -214 -212
		mu 0 4 155 160 161 157
		f 4 217 221 -220 -217
		mu 0 4 162 163 164 165
		f 4 219 223 -221 -219
		mu 0 4 165 164 166 167
		f 4 222 226 -225 -222
		mu 0 4 163 168 169 164
		f 4 224 227 -226 -224
		mu 0 4 164 169 170 166
		f 4 229 233 -232 -229
		mu 0 4 171 172 173 174
		f 4 231 235 -233 -231
		mu 0 4 174 173 175 176
		f 4 234 238 -237 -234
		mu 0 4 172 177 178 173
		f 4 236 239 -238 -236
		mu 0 4 173 178 179 175
		f 4 241 245 -244 -241
		mu 0 4 180 181 182 183
		f 4 243 247 -245 -243
		mu 0 4 183 182 184 185
		f 4 246 250 -249 -246
		mu 0 4 181 186 187 182
		f 4 248 251 -250 -248
		mu 0 4 182 187 188 184
		f 4 253 257 -256 -253
		mu 0 4 189 190 191 192
		f 4 255 259 -257 -255
		mu 0 4 192 191 193 194
		f 4 258 262 -261 -258
		mu 0 4 190 195 196 191
		f 4 260 263 -262 -260
		mu 0 4 191 196 197 193
		f 4 265 269 -268 -265
		mu 0 4 198 199 200 201
		f 4 267 271 -269 -267
		mu 0 4 201 200 202 203
		f 4 270 274 -273 -270
		mu 0 4 199 204 205 200
		f 4 272 275 -274 -272
		mu 0 4 200 205 206 202
		f 4 277 281 -280 -277
		mu 0 4 207 208 209 210
		f 4 279 283 -281 -279
		mu 0 4 210 209 211 212
		f 4 282 286 -285 -282
		mu 0 4 208 213 214 209
		f 4 284 287 -286 -284
		mu 0 4 209 214 215 211
		f 4 289 293 -292 -289
		mu 0 4 216 217 218 219
		f 4 291 295 -293 -291
		mu 0 4 219 218 220 221
		f 4 294 298 -297 -294
		mu 0 4 217 222 223 218
		f 4 296 299 -298 -296
		mu 0 4 218 223 224 220
		f 4 301 305 -304 -301
		mu 0 4 225 226 227 228
		f 4 303 307 -305 -303
		mu 0 4 228 227 229 230
		f 4 306 310 -309 -306
		mu 0 4 226 231 232 227
		f 4 308 311 -310 -308
		mu 0 4 227 232 233 229;
	setAttr ".cd" -type "dataPolyComponent" Index_Data Edge 0 ;
	setAttr ".cvd" -type "dataPolyComponent" Index_Data Vertex 0 ;
	setAttr ".pd[0]" -type "dataPolyComponent" Index_Data UV 0 ;
	setAttr ".hfd" -type "dataPolyComponent" Index_Data Face 0 ;
createNode transform -n "large_fern_LOD1" -p "large_fern";
	rename -uid "C1B1CDEB-4D8E-B57E-DEE2-ACAA1BC893E0";
	setAttr ".rp" -type "double3" -2 0 6 ;
	setAttr ".sp" -type "double3" -2 0 6 ;
createNode mesh -n "large_fern_LOD1Shape" -p "large_fern_LOD1";
	rename -uid "65D7C083-4844-AC1C-B859-4FB42FDEC3D1";
	setAttr -k off ".v";
	setAttr ".vir" yes;
	setAttr ".vif" yes;
	setAttr ".pv" -type "double2" 0.091544970870018005 0.20688551664352417 ;
	setAttr ".uvst[0].uvsn" -type "string" "map1";
	setAttr -s 156 ".uvst[0].uvsp[0:155]" -type "float2" 0.13459423 0.0069595873
		 0.17593592 0.20658918 0.12723619 0.40678442 0.0071536079 0.20676821 0.048071362 0.0070512295
		 0.056278497 0.40685976 0.13459423 0.0069595873 0.17593592 0.20658918 0.12723619 0.40678442
		 0.048071362 0.0070512295 0.0071536079 0.20676821 0.056278497 0.40685976 0.13459423
		 0.0069595873 0.17593592 0.20658918 0.12723619 0.40678442 0.0071536079 0.20676821
		 0.048071362 0.0070512295 0.056278497 0.40685976 0.13459423 0.0069595873 0.17593592
		 0.20658918 0.12723619 0.40678442 0.0071536079 0.20676821 0.048071362 0.0070512295
		 0.056278497 0.40685976 0.13459423 0.0069595873 0.17593592 0.20658918 0.12723619 0.40678442
		 0.0071536079 0.20676821 0.048071362 0.0070512295 0.056278497 0.40685976 0.13459423
		 0.0069595873 0.17593592 0.20658918 0.12723619 0.40678442 0.0071536079 0.20676821
		 0.048071362 0.0070512295 0.056278497 0.40685976 0.13459423 0.0069595873 0.17593592
		 0.20658918 0.12723619 0.40678442 0.0071536079 0.20676821 0.048071362 0.0070512295
		 0.056278497 0.40685976 0.13459423 0.0069595873 0.17593592 0.20658918 0.12723619 0.40678442
		 0.0071536079 0.20676821 0.048071362 0.0070512295 0.056278497 0.40685976 0.13459423
		 0.0069595873 0.17593592 0.20658918 0.12723619 0.40678442 0.0071536079 0.20676821
		 0.048071362 0.0070512295 0.056278497 0.40685976 0.13459423 0.0069595873 0.17593592
		 0.20658918 0.12723619 0.40678442 0.0071536079 0.20676821 0.048071362 0.0070512295
		 0.056278497 0.40685976 0.13459423 0.0069595873 0.17593592 0.20658918 0.12723619 0.40678442
		 0.0071536079 0.20676821 0.048071362 0.0070512295 0.056278497 0.40685976 0.13459423
		 0.0069595873 0.17593592 0.20658918 0.12723619 0.40678442 0.0071536079 0.20676821
		 0.048071362 0.0070512295 0.056278497 0.40685976 0.13459423 0.0069595873 0.17593592
		 0.20658918 0.12723619 0.40678442 0.0071536079 0.20676821 0.048071362 0.0070512295
		 0.056278497 0.40685976 0.13459423 0.0069595873 0.17593592 0.20658918 0.12723619 0.40678442
		 0.048071362 0.0070512295 0.0071536079 0.20676821 0.056278497 0.40685976 0.13459423
		 0.0069595873 0.17593592 0.20658918 0.12723619 0.40678442 0.0071536079 0.20676821
		 0.048071362 0.0070512295 0.056278497 0.40685976 0.13459423 0.0069595873 0.17593592
		 0.20658918 0.12723619 0.40678442 0.048071362 0.0070512295 0.0071536079 0.20676821
		 0.056278497 0.40685976 0.13459423 0.0069595873 0.17593592 0.20658918 0.12723619 0.40678442
		 0.048071362 0.0070512295 0.0071536079 0.20676821 0.056278497 0.40685976 0.13459423
		 0.0069595873 0.17593592 0.20658918 0.12723619 0.40678442 0.048071362 0.0070512295
		 0.0071536079 0.20676821 0.056278497 0.40685976 0.13459423 0.0069595873 0.17593592
		 0.20658918 0.12723619 0.40678442 0.048071362 0.0070512295 0.0071536079 0.20676821
		 0.056278497 0.40685976 0.13459423 0.0069595873 0.17593592 0.20658918 0.12723619 0.40678442
		 0.048071362 0.0070512295 0.0071536079 0.20676821 0.056278497 0.40685976 0.13459423
		 0.0069595873 0.17593592 0.20658918 0.12723619 0.40678442 0.048071362 0.0070512295
		 0.0071536079 0.20676821 0.056278497 0.40685976 0.13459423 0.0069595873 0.17593592
		 0.20658918 0.12723619 0.40678442 0.048071362 0.0070512295 0.0071536079 0.20676821
		 0.056278497 0.40685976 0.13459423 0.0069595873 0.17593592 0.20658918 0.12723619 0.40678442
		 0.048071362 0.0070512295 0.0071536079 0.20676821 0.056278497 0.40685976 0.13459423
		 0.0069595873 0.17593592 0.20658918 0.12723619 0.40678442 0.048071362 0.0070512295
		 0.0071536079 0.20676821 0.056278497 0.40685976 0.13459423 0.0069595873 0.17593592
		 0.20658918 0.12723619 0.40678442 0.048071362 0.0070512295 0.0071536079 0.20676821
		 0.056278497 0.40685976 0.13459423 0.0069595873 0.17593592 0.20658918 0.12723619 0.40678442
		 0.048071362 0.0070512295 0.0071536079 0.20676821 0.056278497 0.40685976;
	setAttr ".cuvs" -type "string" "map1";
	setAttr ".dcol" yes;
	setAttr ".dcc" -type "string" "Ambient+Diffuse";
	setAttr ".covm[0]"  0 1 1;
	setAttr ".cdvm[0]"  0 1 1;
	setAttr -s 156 ".pt[0:155]" -type "float3"  -91.669937 2.1917593 11.63356 
		-66.614578 -8.4031591 14.17308 -39.895584 -5.618403 3.243927 -93.14389 2.6650107 
		0.4733429 -69.720688 -7.4058633 -9.3451996 -41.053238 -5.246706 -5.5214386 -88.012604 
		1.5953859 5.885437 -83.496719 -5.4393921 -14.854111 -89.197357 -0.83268142 -37.430222 
		-97.198318 2.4052789 5.880661 -102.85403 -3.7326818 -14.864197 -96.411926 -0.19658148 
		-37.433975 -97.205368 2.0042872 2.7921295 -116.02943 -4.8851705 19.149078 -125.94078 
		1.4401287 43.96788 -88.617386 2.6417136 9.0907898 -97.931717 -3.541903 32.422455 
		-119.19566 1.9407712 48.914963 -97.434631 1.6764369 6.0578766 -104.90666 -12.270494 
		21.322601 -102.72604 -16.952475 44.081375 -88.508087 1.8798565 7.6317291 -86.09549 
		-11.841821 24.639221 -95.715027 -16.792709 45.31749 -96.029099 2.2259021 0.44699097 
		-122.16487 -12.04113 5.8267822 -146.97124 -11.537172 26.223557 -90.850876 3.0519845 
		11.769867 -111.25266 -10.300302 29.68782 -142.90422 -10.888357 35.116684 -96.386368 
		0.17431965 9.1312103 -86.244354 -9.6300163 25.008041 -69.231842 -6.3894315 39.441177 
		-89.850052 3.3318033 4.2306671 -72.4702 -2.9761581 14.680984 -64.098145 -3.9095039 
